,year,nlp,sentences,ocr,diff_random,diff_majority,bnert-time-st-y,bnert-time-y,bnert-time-y_masked_25,bnert-time-y_masked_75,diff-bnert-time-st-y,diff-bnert-time-y,diff-bnert-time-y_masked_25,diff-bnert-time-y_masked_75
0,1819,2647,"a f 1 elects of the i' plat ammerslia tile. nesser.'s in..bed were obliged to meet it by a imre 13 t plicatioos. he geoid not them • jam the &tat1?-rhea!)-coold the., be a isms ers•a !of wing they had dem.;4l9. t they hey? ivse the slaking food to be emotional is ' peered. he hoped, to the ••i the !iketie sinking food banner iloottaraui.• gentleman, that therille-e lay duet .' sod zealous ',appear's, the mound to 'genial. etc, bomy. titer.? t /sw.ten willing to give it., pciat-, no lost*, it the }tight hoe.. itleott.gestlemwo *potato fair ~lay, hal called",0.453,26,33,[1813],1819,1819,1819,6,0,0,0
1,1805,2194,"e4!•rtption, ath lai i ,141 r 45is i , 7.1 4 c.,,iiveliielwi iliitauc,t,'p'aticlocks, pteastire-id, til.ni !!'4l)eit:4, 41(1 i)l4lt4tisiliti, singularly ortiainert-k,ci.mil ~,e4llli viai n , i't:~1 1 st,red ; (i itfderl4, 64c•'ltlt' 4'4 the i;• • t.. .r4.ic 4'"".""' ' • .• of affable,1.814 , e, ~.„4l,,,, ‘trii,) above six littlik:ril a ...cca...,,_ f31,,,,,‘,4 tivt hi.' sitelxi ale:ltiow lana .of the first qttalt,y (r)4tc.',liislr, 1,1:1'6(1 utul sixty aerei ar'e within 4 rillg.rence),.ii'4 el, i(.l;l4l'' c4i)ipiia p,trirts '41.4 liolding, with alli iii, ,11,;; thereon. -tilai)."" ~,l'il:).11.11""ute contains several spacious elegant rooms1` ,a 1 i-,l,tti.il but . ,air,„,4,.., i, , willt;ll,' 4t au",0.3123,28,25,[1814],1813,1813,1805,9,8,8,0
2,1827,2646,"my furnitore ws irma bon. east inwa c ny's service, us marianre, ,lacihter 0, 'w/ hail ?) it might teach windawrodincet without using its petrel ed about nine o'clock in the evening, while the wised for rent by cosy landlord, and betas the papers m show he it. late capt. john white, it. n•bind legs hy glair:l4'9d take breakfat to boot. at eleven, servants of his excellency's establishment were partak. i'm no slathe.beg,. your worship, but a free shims of lesmism and1 . therefore, a lively anxiety was felt fur its arrival, and iqg of. the.usual festivities on christmas eve.",0.4863,12,27,[1819],1820,1820,1812,8,7,7,15
3,1819,2647,"to. the present practise, %vela ~ is s flpfeedi4 spectacle, awl some n.•w dapcers cus.tri-'mit of sir john hlortitner, in the relit* ofilenry loted le the general effect sell'ph it prodcred.saanostot,„‘t iita the, pa,thmassto,thbwit am,.., .41) the alteration we coiii4 perceive its the declratielt 'of cr 'afg,44:,.. was~,ii,,igej 44 i, .1, carried to of the house consisted i-,'the removal of the dra ; 'ter of lonoluo, to i.e drawn throsgh the city to web was slisprsed 56 as to soften the intolerable s t.,s, stud then hanged, drawn, and triatterod. his coffin, by the immense chandelier. if this stolesiss be",0.4844,25,39,[1814],1813,1813,1813,5,6,6,6
4,1822,2647,"4.:: um• raft,varies et -reit snaky' dot ef-sespe ere modsis your hestils oilesial frepedattieded pew elerrisionto the m faidiyalr :fan mine den wlitd niejestify omit yfeettoned is(iser tailke leldenopposers an i,r,lriteitl at int (ma *lobe iirpr•visieellitniaainloft esaarskiget yet/lee poi.,et, &sew ie.!"" prapselag. tat sipes forme repose.sad ii wiliartel the 'yew gleser."". m. tripier segadthe preptitsyst wrilllikg the aplnoseressorsi to vwbar. it mold ueridalif tied nw* at 'justin, n'the preeederelinflit *lf ""striae at' polders; and itwas peedhle. heilem. dist the atteraordeaerel sightjustify hiseelt; agel ,obtain ea assalans acquittal.m. der irdebiessealsidevet his es liable to so isprimer. 11.11inesi sigrrtede the modem, aod,",0.4629,7,56,[1819],1819,1819,1819,3,3,3,3
5,1814,2647,". , , • ititiegrai.uititiiiiio444oljet-..... • a sy'.... iitiorciiiiilots idatattt ,ceicib ik.sa, bbd ta g . . , - ~..•.•••trti 4. i""1 ' •!!'d ""1' ''ql ' "" • .- t ' 'la la.:-ve '.'.."" 4: ' _tearre4• 'as' ~:•i* •*l3 *, '4' _j* •••-- , . •• •••,4 3...401411111 njiltkitilify skit4ol4l4.ilit'llitiut- na qta middiegtd perton, t•whitee.it'geedi . .111-,p4140 l-flitpiii,cclm - 41,- 1:: - ! , igverlo otsi.4.. 1,4,•„...,3iit ,' ' rtisim„, .,'~... ~ ~ .., .... ...: - .4.:, r .~.. lc.... ar anal gamin* adroigok, --op, ;sr.uoiagnota, . ... , • •-•. 61, ''•• •••• lls..eltats .:iyib.istier. .:'",0.2203,32,1,[1814],1814,1813,1813,0,0,1,1
6,1813,2647,"but had resided 27 years in:the united stites of america,* which countrytitchad.bee.orae a.citiien; the veisa was american,i and owned by the ""plaintiff, and 'had- no licence.—, she wifi'ditectedby the plaintiff to touch at elsi-nrui for 'orders, which she accordingly did. thepliinlifflitlqk at the time that england and denmark*tie atwetr. 'the plaintiff had a verdict at the trial,the point being reserved; and the defendant hadobtained a' rule rein, to show cause why there shouldi not be a new trial. his lordship, said the courthad given the case the utmost consideration ; andole qnestiint wes, whether a natural born subject ofthese fealms,",0.3974,34,13,[1801],1810,1814,1814,12,3,1,1
7,1803,2194,"- 3as a 32s ad o,its - - 23's 3 26s a 2,13,inew ditto, - ---s a.--b ori' , polaill dittf) , - 21, a 3os ocl~.riot' . 24,i a z oci it.avesect .. -35. i: a 371malt . - . sas. a 56s ‘.4 yirie ilui,ir - cas a 53a gc.lwhite pease sts a 56s od seliumis - . 4.is a sos",0.4979,36,43,[1846],1842,1813,1801,43,39,10,2
8,1808,2194,"the. lin :ted king dtktil,with sittyin the press, awl in few days w,ll he published,in one t.zry tame au.t civse;y, primed valynio, oetavo icor.respoodurg witi; ti,;raphical didinnary), acm -. .compaitied liy-sep4r.ile ot every county in. eh land.arty by vari,o.is sut wales, scothiqd, and ireland. rt. e ';43. c plete its iroiirtis, ur the-i)i6aionati.done up s.vltlinut.the maps, ritice ins. in bo,irtis,, or the maps done upsepa.rately, pticu t. ti4l ov...bound, teem dog the compktedtatlss ut the iiripan, i shim's yet every tap hay.ing been &imo purposely fro.n mat eritds on a new104,1). • •i'opc)grapi4ical oicylonaßy of the1-.1. un it i: i)",0.4868,45,52,[1801],1803,1803,1803,7,5,5,5
9,1801,2194,")'clock,six horses,nd detachedlansion and,den, withinrapery,t ma beau.c.of aboltinged within the)i'.eievati.onap erni-s,.elicjrciedconneaed,trance';iciottsiyly. suppiicale 'receptiononipacsout-liuitdand pasture;rto resumee bath andiota, vier,s)tincy-k.ldrich and21041ich may. be,&on and 01roposals hiof salop,ts,if chet-plentifars auatedad-•old chesterand forty.ith suitableye gruunfarms, <1le free, asvihad of ti,e.ester' c=l‘;•incenix, ar.`;revvport ;'s. shawes,,tie-hou setre a ,pian eact,istate,tilize'e,au agtze"";town 0'one, na;am star°ton,ciesc,:t, .01re n 3cind 0.i5,,`3openlrk-i,ll'es,watei's c f...;vt c..eand dv•c'lew ill:: •ill!• will2•',""rie g.niqvrecrsoly,s,timely dcll#.t e.asichc;lhe'6 in 1,4g thercto 17,occupied 7,f-anu-24 6°,4a ; ant,of lateles along. i,l°.th-the.rsf gordoo,accessarylinfs 01l d)nd cour'leto be i't'""known""of the v;01eiretir.is per.-0oriiarke4peasi afte,/i, are lnc`cjil'c.) (aireddlcsex ;-'ornhillii; 00111324, /4°,y3te‘,at his ,oppositeazard, /3e3slit:011ins, ,c;aftimei and se.pears?reaitv,priiciak; le;inns. &vcastller, g 1470putableludcea'itive dro",0.4395,25,33,[1807],1801,1801,1801,6,0,0,0
10,1814,2647,"a i..egitt watch, acclaiming, that he wouiki hick her ie i 1 ""'i "" . 417 • ' thea.rpaanhance the awe „whom c0=7404.78•4101.0404,014.pretillimit mi. the smuts, for the sole parpoes.of re.. and take care that sha.would not ilia,.htielipildpeto4- fill: - wo's:. ritds of ""'bare • • •- • .treivieg, &peak& and • counting the votes for • presi. • • sling the littlw.gots. their penalties tilt bridew, ... ,;,.:. ~' '°.,.. ~,....ttel. ker. ..uhate'4°,,b.l!""/,lndi•niestriii,, es44.o..b.i""""bit. he they gladly paid illigketbillwittdent.; mut sat after he shalt bit chosen, the can. ala nieman called to coefgioo!s..othellplet -•- 5111% -- aikt• -.----- •-'•",0.2851,39,33,[1813],1819,1819,1819,1,5,5,5
11,1815,2647,",• • • 'pt' by footpads - bet sayer •theigow,street officer, dip,volt* o me, ' the best of legs.. te win apect that now °pees ,•m t •, is there- ':"" 7 .4'. • wa the! ilialseets, - wise are openly. i~e. - - - rosered the cheat, and 119aa rebeirral-10 thinks of the3s o', - • let the beatt-teeding appeals for mercy.which. r . flips - ..ta4040 die dleape: it isiali. breve appelliotr4op . .‘4....:...... is. hover.over magistimes for his vigilaioe and proper conduct inws-:„.4.4•, ..-.- •-t t s ... itil._... : 'lie • , is* r . .",0.4129,44,57,[1814],1814,1814,1814,1,1,1,1
12,1819,2647,"johx aan'elßal a.eaurdsaart. 1.. ito rev tr, hie. *, fl;ltailiresam&-(u....•.. a, 'he.: taislarr u ,* tio.-nt the ace i,i4ct.. • •otf.aathitwec:4l.:ll6.l.l,..ukeoisc.ton..lialibet..l74.lllsestilis.aor a a:il4.sß;ocibce"",etogt:::,e"":7:(. . .in nli_ itu. tie 6th mo. at bee be•tre at *scene"", is the se r*(her est. mn,. msauffistd, nide, of tee lese mr. :ontwokees4.(hg gil be. lest. mr. emerge llayler, of r% ise..lies, 0 piecil year. • . ' yea illr.l•1-~ pc4lvaok-': • limiirt •r'i~t• 10,..00: :az.: 1 it i•i at t orelst, sakis.setv.ec.lol . ..1 ' ti. . ---- .lits, sus desnolostion. .1 so megisteas gosarro; ... •... 5......... ‘••• '7 1 t... 1-.. 4;1•::",0.4552,42,31,[1813],1813,1819,1819,6,6,0,0
13,1813,2647,"piall•le` ir •7. i_i464;a, .1, ti : - . , frilltetisen's wakiiii alepriligitry'pevlia.~ .7- .eleclid repstersiuld koleri for the %ear essniall, - ~„ k-s ••,• ,4t,0,131e, • ••• .r, -•‘.. :. ,',iszt, 111. ja me§ 110(ig. the bash* shutteal.' • •; .4•)aintritrevillordi ...841clocisr.ovittreit urannirtd,c.nnalwateit.'' •,(410' 'ol... ' . ',,6• f11._ 'lllailsfe the tackle rork- ••• for the tieltel • . , iec . 7.,,,..witile. ~. ,;1,..,, _. . , e,~ .i r beawlrtwepas. hallo than. ?sr** ind i_l.l""a=,.mintor, asisipagt, blaadfordt finaluostelleg ow. „;:. r „..„ ,ts..; .~...- p""tier'• •- , . - • poring, .1 •• t ~ .mia,a,,,k,(41.181 of",0.3054,23,29,[1814],1814,1814,1814,1,1,1,1
14,1822,2644,"were iteiscs and cirrionlaiires when common sriiirt'smusi he atomism-41. his m.,iesty's muskier. erre 0.0. hefeared. sesehrie ei i'. nom i-ell tit ihr rx •iiiig dietieot. lei;owe this 1.111.- -lit eels f, the 1,-roew c.is• i a su:pieo-le i,lbin mind, i lint it on• not intended to grant that retie!, a it toilet*loch ire itrouhie i for the rens, queue's. ile price-veilit i a re_,rl that the lit:alrel e;te iedi was i kin.: initial 1im0...fte slit: itm kew a the vitae *woe hail led to this re'sult ; h. tpoarrfn ly upon his mind, oa the •111.11 it 110 rrpreecieted the",0.495,45,9,[1819],1819,1819,1819,3,3,3,3
15,1813,2647,"we wouldbe always desirous to give you the 1111filltdowtitmilig'proofs, that ere are ready, in the miltrejtetnplarymanner, to practise it novitives. - we-hitestotworst topreserve inviolate the allegiance which airy subjectowes to his sovereign—we,are not aocu:sedi of havingviolated our oaths.should any other oath, moot adverse to our rend.loos principles, be yet devised, which 4euld• testaeeven the unfounded apprehensions of any, part of ourcountrymen, we would willingly take it. we cueit to our god, to be free from disloyalty. .weisfeeit to oar.countrinien, .to endeavour, ,at least, to befree from.suspicioi. • - •upon these grounds, reverend brothers, belovedchildren, we. announce to you the follow",0.4468,43,29,[1810],1813,1810,1813,3,0,3,0
16,1816,2194,"ittibuond ditto, 1 etiglisb prayer thiw4:ing, 1.041.1;!:1 orvilitingunder ttig half deck.one box.: sir win. robe, lioyttl artillery, wutilwieh. ona.pttinting oticnutnsa.th$ stekrac3b.one box: %vs. sir g. a. wood. 118 pair leather glores,rionl,istits.woollen cloth, 8* yarilsi tt pair cult:tot socks.df. lo 3 case.-7-00e parcel; lady dickson. 1 'rentinittt,6 ell silk i 'vim shawl, 12 pair leather gloves: one patitiel ;bars, (:)rd. 2 remounts, 12 ills silk 2 silk ttotvls, tt dittohalt-brinditeretliefs; 6 pair silk shoes, lb pair 'loather glove*,'ttact within, i paper toy.our parcel ; `thus-i.4'arsball, storekeeper,--1 bilk shawl,balf.liainikerchicis, le pair leather gloves.qne parcel; colonel quish..-t silk 511ayi1,6 pair silk shoes.,3 pith'.",0.4993,28,7,[1807],1813,1805,1816,9,3,11,0
17,1813,2194,"at 95104i 80 ---7--- at 91/ 04i 1 ------- at sts 04.,1200 -----,---- at 895 00,1 58 --,-- at 85 i 04ti 67 ----- at bgs vii12 at 85s 0.4at 1338 odi828 at 130 s od82 at 12,98 01110827.0534at 1063 ad330113 - -at 113 s od542.9401566i'l --alt 117 s od337153 , at nss od178 --, at '114:1` cd1.1atli, 330 4..rtltotal 1552 s q.ttarter3os. 64d. lower ttcri, at bii..—average 11.4.5: 7d.ran i.lst atturna return of flour,_from june 19, aujune i3.—from liar r. ..let oiice.,flack.,•• s. d, ' ti,,e1.:3. s. d. ' sacki. ~'14'7— 115 0 105 10 6•—•': hir,lo.0 .•18'3 11t1",0.3568,43,2,[1853],1853,1842,1851,40,40,29,38
18,1813,2647,"make it of tiseclosestfloroughs • rights vrese'to-beirffectedby =eh a -bill.pi the -tint !3—why would they not sir w. (arrow could not conceive bow thehear the effects on the. state of thing' in tbit piece, ! character of...the hem oil hisoly to suffer in pub.ef:zthe plan at present ntidetetheir eisielderatiocf- tic eslltnatlou by the elairtusief ote•leir which lad40080 he (fir, at) wasno iery.seelous ad:ciente feelti ottiedi the rernireet-ortnidtb.howledgedfor parliamentary:ll4omi, he thought ft would con- mummy as to the petition, ;lim'ssfit' it be- a•aoles ni-mince any,man of the necessity of it, if that house :fisted upon, that its ‘view dwelt be complied",0.463,9,0,[1813],1819,1819,1810,0,6,6,3
19,1805,2194,"publie was pe-culiarly interested in ,their prbtection. the jury,which was special, rettirned the following verditi :"" we find the defendant not guilty.of, endeavouriing to provoke mr. batt to a challenge ; but we findhim guilty orwriting'and publishing* libel on hiin.magistrate.""-""-the court observed, that is;i- guilty on the fiurtla count.. ..at the „conclusion (.x the berkslire aisizes; awrit of inquiry of aunage.s oanto,on to 11,:. executedin, the she,ritt's court, .before wtlson,.},4q;.barrister a law (who presto ti, for the sheriff),,aelion whprein :air., win raw', of marlitoniu, that county, 'ns-:ti p 1 itttifl, and fieniptinbunbury, 4'sg, oft.:ope4ialt, near .'newborvi andptqllty',hypo, land sur'veyor, of",0.4371,43,9,[1810],1810,1810,1811,5,5,5,6
20,1804,2194,"of which tell upon the,cun-boats no. tss, 156, awl 238, of the same *vision,witionn injuring any person.!0 ni, saintouen, l'rovisional midshipman, comtnandingno. 252, of that divisioni, was wounded slightly in the cheek •the shock 'eteated by the explosion knocked down the pun- •'acrtorlmittaeflne in that.yessel.; l'he,mast gf the fire-e:shipwal piettett ilp--14y. no. 468, as.. was a cing •belonking- totlftorentinztaytofnagargernesso by no. 438. •. . .,'4.tnet.i.okotuld',.speaks in yvr,.... high terms of thec(„l4,ltrt44pii 7010,0tiry midshipman 'duval, who rejleat_tait:heeled, tis 'go 'mil ttrapple one, of the lite-sh3ps ; a, also.11. %clause, titt4(l4.llicct of the- ssth ,regimetit, who heil%thrt.i 'at dnwn on 041;iccit by",0.4204,41,24,[1814],1814,1813,1814,10,10,9,10
21,1819,2647,"vf 'weston, and ?biros'. pit coachever v 'roma be. at five o' clock. guarded.wev mo ['tll, 1/orekemer, woodford, nallsbars. andover,and fln.iugs'nke new p...t coach. estop afternoon. toeweymouth liackets to guernsey. jerses. alderoey, st. maloey fee.p.i'.eteil. tanolls. wcymmtlh. dorclie.ter, falmoutti,dart mouth, .wal balialowy. !sew post cow., e mlrluirfat eves o""."".lock. thrsogb ilona .u. a simoster. llthiport,was afore. fkwinc•toke. sad rarlsot.ft %tit awl bit is rot ri3ieg chip.ri um calms. owl mnrlboreash esets ar1c11,...f rr.erat, may's. has greyhound los, link, nod lee loads-. tarert.,shwas-ette..e.„ ond m., swan, prism'. nest h.c.s whet to %fells, bridgewater tama..., ::aster, plymouth,torton. t loons, peterbotoneb, stilton, and",0.453,25,9,[1819],1819,1819,1819,0,0,0,0
22,1819,2647,"/swig sish fesr, the, s.a tos term eel ressed tibia soy ant to se yea ._.imams 4 dire daily we ter sky le seek epos thin noon! hennai*llee $10:11 let tba cms's."" aeser the iesse el sei cseel"".... °adter imamsaosomks se t eod wrists tie _.ogled swim .1 wise,isrwe 'ii' ortiesoodikinits. k00ky.... soon oaks steed i..,e'vezate ae'elmmi'aa,..,l7l,l4l,mee . au ""'""tersatins, sod mattes% mon la nett plea mootowthejge itg.nc6evekos‘11.181160041111.1""---r---11; eillet.llll. i•blirebar. toliklipettssesit tseobtes-4 allo.111""•eellies, t.s. sed.""lll/.70.1711p1ey: isino.- is boy' - zest.% iii 19solglig000d aimelterater. elehaveritarlewockisassiemosedyadinansitinsotairlipotsheollolossimise*wilmak yriseasobst blerigillier ""al sor rey sow goldesso soy applies si et pet nay •igozioselyasslser 1 tre•dessiereeneedwisirre",0.2858,12,8,[1856],1857,1857,1857,37,38,38,38
23,1809,2646,",•!: -.. . . , .john dunk**, uoatr or_ late of t*ektey. leicesterthire, grocer,(kaki- and -ckapninufakttgola 15, :tn and sept: 28., at tweotabltiaichatt: 4ttuntal, mc. cklip94p*st /414110egitr.t, ponitrnalondon. ;:' .edwist liganner; 4044, gottluiptma,august itttgost f 6; and seid.9licalrorlike. at rim'swtn tavern, birmingham. attornita, meatirs. knaderity,lang and lace,.11ultiona-court, clay'aj.nn, london; or mr.lienfy jeffrys, of malconabesetahlreflthelodrapir, at ten; it guildhall—sept. 16. tubs! hot- •faitit, of i)eipliide, landon, habirdhshaifaiiiavansu!,gualthall-nov. 11. fiatakael.at kleatk!srtti.e4.**t/t of iitkleseexeet,tavendiah.atinsu-er midatikei,.rilikkeyi and .dresitnakers-attleten,a4saildhalle—ontober 24. lames askeiv and willlatgwright, of 2•7!enfßr4ze4tteet,lfslacittriari;lcinchin,eitave beam.nufaetvreiss; at t 3 even,..at..gthildhall.—n ay. 7. aletaauder 4hcretotats ala dieid•robi;rumaittflialtapattlltlrts l°, 2449rarch;114,*at'llever ati.h14140444-qatos, elitchei, of ilythe,kentestallar, at.trapis, tccositillmil,.7-sept;",0.4173,42,51,[1813],1813,1813,1813,4,4,4,4
24,1803,2194,"f prick sixpeistcr.'4asr •'• ,ljr.y 11, ;si%rphe- court of diri;:t tp rs or tba (in it r:1. cotill' any of miiitcii.4xts 4;!: c; i.and rra,!;.• -otl east indies, do &le& give nctice,that a i,llthrteroi genera court of 'the ,t 1.2held at ibei7 house! in leadenhall-steeet cneo, jake next, at eleven o'clack in 1.4 s r,fdeelarlitt, a ilivi.lend fron.l to,tifidrusioner,,,,.that ta tranjter .11,19 ks of the said:but on thkra,o',2.l :lane, at i*.r.cr., o'c:tuck, end bpritidfharsday, 213 i yid), p(.'olvinr.and lbw the' dividend ll'arreiv; of the :ad cowst•ztyisa'ke on the jib yu!!)., will he r,u5q...y.4.2 ti delivered on slivn‘liy,;ftly ne•y't.7111.1 f? a",0.4884,56,37,[1801],1803,1805,1805,2,0,2,2
25,1808,2646,"optrimif „. _ ,?q, • 17c7v4lling of 74, 4,40, jp.qs,rniz,voarmlsslo.mßs f0r.14191.1141.1.1n0hamaritstr. 21.'4474! +;evhyliee no"",""iist on tuoday tho3d of mg iliffstvlbcy !gill be ready to'l'enders in 'writing (sinlediii;) weak per.ripo htofiaiisecivadostiovit ; to be answerablesitneitieediet4owt-4tiwist4s; to be delivered inetilistpeeknits, at the rate afghan sevonty to f.isthty toeslarlethooto the victualring swiss 'at deptford; and to beiitiot by ws payable with interest ninety days after date.:conditions of the contract 'pay be seen at the secretary's',ia ilea twill de had to styli:des in tralrh the prier shell met hepiked in evrdi at kagth, or that shall act be deliveredto the poortitlas oa ;cloth on",0.4784,38,39,[1814],1811,1805,1811,6,3,3,3
26,1814,2647,"_. .-:.-- - -• pointed. the salary to one refill itposseatinteirsettilmne.. poi_ a- ..rts we-sietantattsg in • 'l73' weir 1, : iti;ila.t."" iliii:iftsr, &boot two , .. .. 4 ;..:..... .trootoo.ll4.lici►iil.'t..l.l.?l,-1.•#;,44.214,•r;.1'.• of, the nation is just 4001. a.year,iasi# ender thelite that sort of tel * bg etilreise. the teig'. !,-=.1,..g,• ;kr tll.ooo 0 /vigils sod. .17 „i.""'wr . 7tyll'ailf•- you 4118.; wai imaginctiiiii.ft was oor so of responsibility bee been. tbeeetareoa cant atf 144 lilpoliiris '' italqirtate e'er two • di.. poe t''', frisf ''.• much to oxertise the defies of ifeilfgalwo • ther4ll°t. ' 'llist.ffs 6i nes4,lllome-aceri years, •-,",0.4082,38,46,[1814],1814,1814,1814,0,0,0,0
27,1814,2647,"' itt ' & biiiir,'allighin-wl two, her nanksiantr. key e the other tae pilipertl• of.str..l4.oll4.ll44wiffitrhrleshort,.. to , res& 106itt end a •portleelii,44/4104. ;- a.ehilltiett or, aloe y,ears obi g aid &dab gibbs. as golsen-0birth.r sk •••--1.:-!:- chniession or lease, kis an .assig- tintetit. . . at""iii. sistaist.wefirektoutteipnealitill""lbery""""oetaluelaralptutsut grape """"hossbelf.lainia24 hest dil'illioyerraltolyorliiairtitiejoseerve. eu-.7""=-7.77.7.7.77:- '`..... il,nfv141,,,"" 1 &mar narita ill eight to kite dikliait ' 4-•-;'' ...1--' • tint4.i - 48.41111r1l4verakte‘ tile .i.nigmeri boil here 1 •:11eitaildev 4acituillen and lilizaliedh-7,;::t°,-11,.1-` mr. 9irjeane pika'jit ode:reed •ta the '- • . lffwi•wiaat ilw * • ‘43l:3a=ek- qty.% ir%tiglital4l44 pmf mblagistrata""le:fi'n**eagn~., teellerusll..lll' 114•01111$ - her",0.3331,46,36,[1814],1814,1813,1813,0,0,1,1
28,1822,2194,"'§ a() 'dr ..j al cy • v-d,., ,5 :2.7'1 g. ' 8 act 5: g .1, p 3m n 0,=.-. 5 ,x, f., '5 e-0 55 -r-pg, —0 ,_.9 .:-...= 9.. p. .4. ~. c. gi , c * 4,,, z t •.. =. a • z... .0, 0"" 1.1. i 00 . b*."" '""'e t, op op, m ...!i,„, , 0"" r,x . ,71.w"" • r. 0 p , 0:. s- .. a za::42o • . ito. 1c:. p .- 5- l' is ' ""'4 a• 7 .5 •..< ,~... gcz=..e. "",,,:,4.~........::;(-,„7:0 •l :,..o 1 :4.. . 2'6",0.4237,18,33,[1844],1853,1855,1857,22,31,33,35
29,1804,2194,"the • ditre'rent'cltii; ~ .:nat tonal troop*. (ineltding 'the .iwo dcrwl ileobt,'fiala and .wev india lroops)t and ,thet.,„,°,l„e'pesselif""charged, to pi); no res pea t.,) any orcivil ""77.,riiiglibelonging to the french military or c,ivti 1.,04r domerit*, relative to. the colkiiing.or puticoi:irset% ;;reguliitions of exportation, importations ,°r:01.,003.•through the country 3, • and (0 submit 0010y_,,4..30orders from the general in chief,' es ir5art......:;04the projeeledi expedition, or to the v 4.010104 ,the enemy, in conformity to the general c 010,.,, :,committed to him by the direetory.! ;is of:.40,zl. a cagy of this ,order is to be fo;; aiforthwith' to each of the commonding (;)",0.4426,7,32,[1813],1810,1810,1805,9,6,6,1
30,1819,2647,"• rheigo we, bursitis'bot.io‘ipir. •pet when he teal •4ketl *het sellitioo wee,' be soot*, , !,, ws t 0.-. , boil) 14440 of ill net **dittos is "".. ..-( a 1.:4111 )--the gootlentan (mr. williams) oho~. 'impel% irtrearri this chard* of sedisinui heft ~.n #o.. allilittla jo two* the fiseloisod of discoid into the,ft ealleilirkaipilif.r.,.ll.l:6.l7:ll9•ll:llo""twbani•,sffihrtle cetiolotietl.ritsfami. ... _.. - :•••••• attiffeatl haifa •• hail 14.414 of klhthls altattla• t.4' thpteaseit litt4;lwk•lt'i'll h‘l: hi n„i( fi iit theirli i:1 .11 :i thatalitiliffirdb. . ... ..eat.pint, eft a *gm* i 1 nfidir4 might *he bonnet..... ~. 4lo olite4p enti bellehy ih.f.cisie kiing..l.ll.llll•",0.4556,28,44,[1814],1814,1814,1814,5,5,5,5
31,1813,2194,"itoolis of vaitit, i),,, 11l iftgx, goat:4,l)o:4s, tilt/tier,1.1•41,1131 vit jra, l'‘littorir li of ve,,:ie1.,,, ti.;,,bat co 4§hes and,tiny: i, 'oi itti a vcssel i.'.atted tifetlell.also sttch lloolia i‘ia a :we rt.viailit4l. vi 10.4 mal, &sty'm wftrie....isoa,c; im,youti ti',i tit_iiillited h. iipi, nc. ele"","">, ""i' they< !i al' c.fililffsi..c;,,)nioic ivitio, an?, suiiif.., otilergo..;ds, ai'-, ,mcittiuned ia litt catal,s4kte. .. ,cr.',.vrt: ca' all 01.1tvg,3!..,,,kti..- -.. , , . ..., ~. • t;-- , ;.:' •- ~ . t4 ' 1.110 limits, 1)t in, i ma:, c, i.4grnsjl) liotx, i sz,,,r? stud ya,,e-.ratite of 1*4:,,,, 'l, , to bt yiew&i kl-tt-:,,j 'roba,,leo (ii,outiqiitot",0.2955,31,41,[1813],1813,1805,1805,0,0,8,8
32,1814,2646,"two ols, the beat 4-4elnnornikten for trevellers. good bede,~ • liquors, end moderate charges. • •. 211 frit ie mano r' of norwood cha st- wvittro.,q4l47ll •it 44:•a,,14 rwpdiadi i• 'la.i * “ tbifigicisv a "" w-o4rek a nthearmat :7"" preri,iiirte*tintgloo. rgieltedfiaia' moo waretwolumatoll ntablir.g lir tits wattpwie pee we• leita-taisrviiti)kb ._ • . • • .19t,'n a• .6, howattc be ofteeto:at).. mfkw a nsitemal.ead guide tithe •• .. i . nblls•sith.dro bite& litflora. dl-mnit and iftien .og aha -cu • •vtleges ihereto belonging ; and a very desirable perm, called , great interest 41 714441.11coamlegsbe.,1 sualit...lzethat eeltipb.• wrlthite.:add.oestfiffilkor ,",0.2635,13,35,[1814],1852,1814,1814,0,38,0,0
33,1804,2646,"alma herfutpiciowis brought in here;travnies, tato* nicculas.i4gpirsa, agues sy.—theof and for new tab ittimalkdtictia/phi. wo* ases•lakrbullity. as ',hie!' time,sores, ste. viisellity for thewere owitmelade aid the -creepsvithla it *war tie naps, reidytwice # the fermi vac four lipsdrio so tracfparts capable ofsob wen rid ;tb wereeau huller craft itady to accompanyimurregated b the collidercools ofwars on butd. troolsebeftiorsarratirei leftitlp=lbfilwald-*mow/kips ;hick failod from diatom&fleas to be kept is profnund,of moralv= prieetag og the nock. - recaptured.,lord negri° hired erased cotter. of this port. thekern and alibis 'windows are snub damaged by theetiony's oat.vas root.. maces !s.—friday. p. m. artieedfrom the genthwozd",0.4461,9,33,[1804],1803,1803,1806,0,1,1,2
34,1814,2647,". ~ . , • • weil jested the propriety of bringing forward the-ili, ris 1 and at the ctet""ity.pee v its"""". • ditto, grad gamer-. - ,-;,' i'' -. :al,* olga *la affillaara a be"" rota, 4•4 provisions of the bill, point by point, is there were.' .-_,~...- --.-- -smith, and c.. sat. 15i. 41d. sal • 131. is. va. -4"" iii *pis • •a prmaers.w 11.144 .;..... at everett. walkeroadco. dims, birkensitaw 1 ssvoral, he was confident, which would' meet thq • • - ''' ' •6.6 ' lti rioird cba ncf:llor said that be ant*? 1 imaigiioug",0.3821,10,1,[1814],1819,1814,1814,0,5,0,0
35,1820,2194,"continues to be pre,.'nent after the same manner that has given thefirth ,atistaction for many years.""se, 107, titrand, corner of the savoy-steps, london.aheoriginal fish-sauce warehouse.)?nd()n bridge tea. warehouse.corner of lipper thanies street,•opposite st. magons's church. ,william cape, tea dealer.. and;:utlit,, grocer avails itimself of the earliest,i?spl:orar:‘i'lit:l, `),f ezpressir'w to his friends and the pu air, li.,t‘'i' ;""' the .pat;onage with which they have honoured.__.~'',1411; --,ziee 11:e opening of the above qualitiesestahlislitnit.he""' i.' 'oat hi„ i .'' fiiends have found that thelt,1,,1t,is 1.,45are rn merfil, 11,,,ef tsqual to what- they have been accsistotimt trs who, 4,elt• firs, t., aod that the",0.4763,0,50,[1844],1844,1844,1844,24,24,24,24
36,1810,2647,".st rirm: zbigtliplie"";se olifilithtt..- d' li *' ' mit upna' the heels of ibis 4tideceacys et a the. repeated pleedita .of a numerous and . :,tte tilt his filiation during,lns almost, mt. vagi)argi.„.- --' : --, .e...., ietar.) of legation. vie nicht.; areording to anolier iletter from .dunkirk f 14,011, wei-, oil! itaitutation:•.epon.tbeie soeisignia chatieter, sus. ting audience amply telltale:1: • : :11died lag' friday morning, it bristol rekli, tut. 97.1.1 tiractit.; i%reipett,ttiidonio.b,e.d.tif4l pelisses tiezi ipplieation of threw indulgences, sto i.llled by ihea.',whoi,4kiyel: brit stabirb.but_wilier*,_i32...._ g-_, _ • ~ ,vy ithitude*;to 011 pefil.""q.""o .of .0e 0161.tra °l4 a 'ell 711'",0.3306,35,39,[1814],1814,1814,1814,4,4,4,4
37,1805,2646,"kit !agitated, in the hript of midi; fete.alarm .theminds of timid men t• if this • ihnesiat required at• ilk. so, (mims amistatios. what could moreegatually eirord xhan .the cirenesamme. that %hedebate whith took awe year ut abe houle laicaimans, oa iatrodalion of mr.. vfices.:111113, sad of which this very oat of the auger ono-.. forreition,.forms ansaterial and premises :part, hasbeen detailed at pent lends, and with bushel par-,sicalirty in the rye/ gaggle .peper) ofjamakut 4th' of antligeti if (the niricialdenier werereally ',eheirlieri 'from ' this squeaks inthe br4a parliament, sods' we vi ekpedialdtatlbs, particulars of , that dearson would",0.3858,62,20,[1804],1803,1819,1819,1,2,14,14
38,1822,2647,"thelosse""-ti 'o, r-iim%"".1111601sailecatilasetaltotathettasirtal -""liu* sairelikaa).).• .;: •.:• '..... it triwisandesaetegujgeen4lorsh '&3eissey. _ „ mr. leigh, charldes- sly eon of coaatry work, ind freer 'it. to 3/. diu . . .ws get femme 31 so v.. aid the best sloaghteen hire lrtate • 4/""ekif(iiials ual""' aliimibii. 4- im ' %ili= madeira • • •• • • - • • 111' -• s. apasseß' melleitile-leaors. leisawsidev.rstar. dee.!{. ' • it gig bridge did net yet owe esti ;einem. • . .nisi:' • e • ~..heart camas ..14/41==.4•swarkrefishitliattrir ili-ile-er. ,e 4.01,1 i.e.& large- giegeige• '., ••. ; ; se- . _ 17. gni",0.2633,28,13,[1856],1819,1822,1822,34,3,0,0
39,1813,2647,"by tte prosecutor, under whosqprotection' site then lived, for the' purpose, in theevent .of her again proving. pregnant,—slte haringfall. too children to the prosecutor,—ofcaosingabortion. - -w. ryer was brought up to receive judgment, hav-ing been.found guilty on an- indictment for assaultingtwo women. it appeared. from the evidence, that the-defendant broltainte a room where w oro persons.were eugarpd at prayer 4 thin be aid imola the twowadarina.'. h sr move bovavold kill thertateactier7ti mr. tiriallep, aged be, but was prevented, by be-ing forced out of the tnom.• one of the women wasfar gone with child. the defendant was intoxicated.the indictment had",0.4828,0,46,[1810],1810,1810,1810,3,3,3,3
40,1817,2194,"frinn lotiliay,in° .-,;,,i•c.ant,f.r , t, tildroite, the !nth of dole follow.-oa' 14""11;',1 a general ct/fllit of tlyr gala coitl,oio.-tiit beholden at their oth 'vf ,yin 1v ilnesday, ihe 14ih'.litnrh""•i leven &clock in the fortnioun, to consider4a151,0 3 e0 1 '' '° iotfttendanee itiia.muel penning, jun. secretary.given daily at the said office, and at-e / tic, in pali-mall, for the assurance of litaciogl,04 igcllartilize, and ships, in harbour, in dock, or~,,..''in, front lois or damage by fire; anti 469 f'ir0 ' '' ""'""ce. of, and granting annuities ou, lives.0 / - . • 10 / 11 case of, misr4ess.jo, ~ case",0.3294,29,21,[1813],1811,1811,1811,4,6,6,6
41,1810,2647,"silicas, .yesterday, charged ui.hriding wee -a pat man in 1.00011.1:, smilhccia,the procodfng efiniefto, and, by' thiat• means, round. ing him so severely in she head sod arm, that he it'alarcsetat •coolined to kis ism! itt barthulumb,,,ilnspitak ilk a.very.dangeroes state.,::.. 'it appeared, fovea the testimony of .ieteral per.sons who eitnesied the accident, that the prisetwt .w• 1111 io tnuc') iatoxicatedt that be could with dig..malty keep bis seat ; in that state be rode with theutmost fairy thrones. op atrot:tits .froqiently elation,goring the iiees.of the pastnagcre, wail at length h,came its contact with tkc poos*.twin' in the hospital,lie *as listaiiillately.'stripped,-and on",0.3796,4,34,[1801],1801,1801,1823,9,9,9,13
42,1814,2647,"u. 7 'i.aa,z;.' 6p,ire.n4'""w'omr .canine:dentrnj 1 9iqollodracilysr.mewo)gar ittorest•tedstained ?lord,'serrationstsiatos,'utilises sabot tet*smabel theaidence. • ake. au,d- received an indemnity-at -the • a - army.! lirtgion any. our victorious - - -' , collected a variety of useful information-un all these : sorey __ suppeessiote-14‘..met: this was the first motion of the kind un- . not surprise me, but the manner aid ;,,,4.4r tlie time,he french papers mention that ceuta vamet-itopks. certaissly• the reception which they hive metdpr the new charter, and gentlemen ought to i rard had been appointed governer of htirtinlquil, . with from all ranks from the prince to",0.4509,38,32,[1814],1814,1814,1814,0,0,0,0
43,1813,2647,"pita.. 4 that ,painful °concern we fox the grand fße'and ball to be given by the pionc.p.; litrotsr at carlton !loam, on wednesday, the 30thentertain for the fina1...1604r( the contest in thel e- • .*natant. , . ~, .-: . 1-sb( -a . -.. •iiinsula. •••ir • the parraci rediser his received letters from ..—mies...--' .• .• . . - emil mom.% then at the island of altideira • stating, 'the cons-lairs. and. corn-trade ought always,fu ' thif the countess of lot: nom', idmielf,. andi fathilv,i be touched with a nice hand; being.persuaded thattbe ' werejb.perfect health on the ist",0.4327,34,31,[1814],1814,1814,1814,1,1,1,1
44,1813,2194,"opty‘u *ii he performedor (i'''''j , llelo-dritiiiatic 1ilcitl3e ,i 01, .;ti 0_,alae.:3 , ""fen or, the won„de' hebo ell, wichir . iof 0 ..1. (tat 1,4;4 ta be 'ery' plicreof i -,14,14.4 7 tirht si°pencd at i1..160' i.l4;ti4lle'rrr(-1 price 3s.,gt]jjo riictr3l., cd.• ' second pri,„oil '''4.4 t-r the ii •4 : ',....., • tee p""e's to be t;10i t , ) tart-street.nl.ge!.~,' cotit ''‘p.4ll, „f the' •p 11 s' n -fnthe le' 4 itoyal 111 hp'eice oftile -/,:t tiw g iiess the llt:'ol '''' f'etlrtit ii sr••• , ivone, ~,,.i art. m p lw~1 0`"" k 'itertll.wi itiri..h .pi‘tt vi",0.3193,47,55,[1813],1813,1813,1805,0,0,0,8
45,1813,2647,"' ' skerimigeeitut ths poe ayr' ile `--wrig .3iiiikji"" ile4th on .floa, oiling! slate. they, went tome'bial ants 'then. 0116 ''lwk;dmilit"" oat ''llt ''*-""au.l 01 ,~ .- , . v.. -, . kge saikt 4,soilitioimor :„coirtmg, spn fic.i.ticv,.llii, inorrion. .poina.-witbisk•tho 0111lata.lorblek4000* • 04114181 . is. • .... ~. ' ""ao .kr • -0' lii. •itztrouct . i."" . ..•iii(.0,‘,1.4))1.,,, . :j.i .. ..... ~athiftsund ceetringoettso it ~ would •be teigfft :that. lic i_ttaili_tn., ~ii_e. ateerte. , t._. .... so:zi ex.eamy, ,ilia.6 ..„... : it_lobo itip,tie sita.yesa or costsotr- ti. newicz.asir sigootit eisqtakseinto the waohliande•ett hdrnief !il '• ' .ir# t'lbeiv.",0.4319,32,10,[1814],1813,1813,1813,1,0,0,0
46,1819,2647,"of awen, felon.% in tie bests it ar ike people hut it is niel•wwhnloso inlet t nn the daily wieder to tat trimmer nf onfieliag eat-ptrirl•sis and to ernaterart, a. far as ponibie. its metes"" rm.• •e wife in soft-ring bontamily. tbe tenni, of goer owls es.pomace in the yams"". downs of eh bilay. the a .waryvictim n.ldary ••c.• (warty sego: ed at .cional. before resswhe rot her rip* neer the miod)..ill, la watenipiatiss his▪ ortim itate, became sweeptible of enitscolag smations, hp'm swataytag shat we complicated stste of estimation mat henowl inns manly enerp.—totesse siody—lasmott•iale natio, t—imagamblease la trap&",0.4385,35,28,[1856],1819,1819,1819,37,0,0,0
47,1815,2194,"in the first place, ao :relieve him. from theto..cuße of falsifying facts. general.smith said,iblat these persiins entered the garrison withoutai'lllission, awl under fictitious names. the71. gentleman had said, that .111. puighlanch44, tilt other gentienian had sent their passportsttlllarly tic) the -(jovel•tior before their entrance itit`) giliraliar. ile believed that this was,nottits as tit their being shewn to the spa.-""il coustd, . 1 i i ot.e• thot in a gam-c . , . . who c?u t still)....' a-,; iso'peenharly situated as gibraltar was, a s nx'"" per•,could he allowe'cl to judge who ought; 'yirlio ought niit•to be adinitted ? it",0.4939,53,46,[1813],1810,1810,1811,2,5,5,4
48,1814,2647,",i, 11107.41a1.7*11iiiir4plidithat many hue i mar. lea warn. ""het have long been diutepanted in tbehi .'100 .- aiessedlar filtellkiiii pkupdli twe is pa i titular ...paltectotious orir fonolv. tog, be :mum% oust to nog inetioca4, -her front denotes teith &mg toe etrottie by ibetlientslnt. - • . iliiltint,” 4101otiazsuoteao tu,.t.l.lfe"" ""nit ii•ifeitnas. otardiut•r verlaatiital:/1 4 41""11111"" 41 abiapdge4llllroulcienilri.roifs,:deutiacgmence • i 'i; 'fat in* phoilb. imo* 214114111te1n iiiiiiievare van'every tfoeney gives. oat root. clout', nod c.o. too, het i tip_..1 .$oo/001muarke8.100111.11111.110/01040•411000shis; every degree of iof either :ert with tbe greaten seemly ao appenisre 0,40 p iifinsa. amity bileshirldeassakkgesi 4600.4.*caelh:cilieut. bathe- no.",0.366,25,24,[1813],1814,1813,1814,1,0,1,0
49,1814,2647,"moon toom:stobtaleset4iiimiartleurisoit,:hiavresei,:41443.644aati.:*”.f.,..ti, yt...,.. tistabeztpasimaorst. i""pinee:4ll:::,~ ::-.,... '-• '116:....-. z., i' 1..*h0ry.,4„0. 5f.434,,•_„„, . , ~: , tii.., ~,.... • rea jones, betkven atter riend -*lour ""esti ; tbo1,. ttiol4:„ ttridsrlaroo, vauxhall,mil. so (11100.de•-pf01100dit.110 •1110,41 ildlll4lllll ii **vie; ""mete it imam% *doe !wet two o'clock- enure..' ai •2' mmt l• ''' ""“ildtmil '-iittu!***- •• • d • •th•• 7th'• f thisiesedth ; ...boots, tipat% ' •:401fatity: xviii* iftgif-tittiee. ~, ~- ou y efs • • --,:.. ,t eta • - ~• -. it ..tick, 11.7.11 cheerily-runt • - •'' ,-, . _.- • • aria win at.; • 0 ,j. 11;",0.2308,21,32,[1813],1814,1813,1813,1,0,1,1
50,1804,2194,"be deliverer;sealed up, and marked on the outside, "" proposals for thesupply of copper hoops and rivets ;"" but no prep:air co,ie-adinitted alter ti( 0 said 41.6 day, of ilugatt.1.1.)‘ order of the board,r. !z. crew, ser.f17cr11.41,1.....tni; oficf, —_jatt, 2-7, ar..)4... .. . . .the coma.fissione iz..' for pictu iil l 1 !vcnit 111/17esit'i nell'}' d 9 hereby, etta. nuke, that'on frld.eir text, the 3d of disgust, tbej, wilt it ready :, re-ceive tenders in writing, jealed rip/ and treat fn. one 11c;n:.dr e b tons of .41us(.:01""ado sqg,4 8, ti be ansiii.er,dieto sgorpla to i,e pr.:l/teed ,with ike tendeit;",0.4637,19,48,[1810],1811,1811,1811,6,7,7,7
51,1823,2646,"however, on thwedny se'netin, his lordship, aeorini-pealed by i couple of friends,- arrived inthe counts*, fee the pur-pose of enjoying ; rustic chnletenst, and 'booths( .the well-mocked wooer* fil his lebdsblet deioithedurieg the hastiestfa a saunter over go aremeadlevilet übe/wing .nalenings, the no-megan elsanessi to ilept .tot sa ii fvirgigisipeug who * lip-.,easidy hoisted a privilege this bs laffee mel emoted, thu'posehely of ism* *1,4 wave hut illialtamministing drktedfulknee so the whirred lekahieeets-or of jpeillellf,, when themale owen' enteral it. hod it hied sib' at ether put of the,=it is meet likely hip asnstry urbanity sodwadi•have evesdiniklid -thil s bet",0.4874,18,54,[1819],1819,1819,1822,4,4,4,1
52,1806,2194,"all, correacel to •the present time, and /oral a more accurate british:atlas than-,has made its appearance to the -unto of thisictua 1.1.v.g.- off/ •rapph 7. toou.the ccjimissionersfir victlli.llinghis ,v/iye i 1:\,; ap y .‘l6* e7reb),;...., kciice, thatnn wednesday • the. 3oth-'initart prltell 11-;2""tesday the 9tltp,..7*,t0, adverti.ed) /179,, will ,e.itfy. to receivetenders fn 2t iriyg, _.t.rfed'ap,- trait :for. %be falowing @ran.tities n 110(5,1'$, viz.,va'r-r• ti•p's • • • kya • i • '13(.14'1', hoops ▪ 2~a tons. •.. lat e hoops. too •40r • •c;:' rtantity of eitbrrlenomtoirtton rmt.less :men nfiyto he el•livtred itt ten7..veei:f,.bv tveekoploportio44.,,keu his ma -ferty'.l vidithlerig siam",0.478,54,16,[1814],1814,1813,1814,8,8,7,8
53,1813,2194,"ma fine, par .1. n. bouilly, second edition, 1 vol.ss. lid. lumina: • '- - , -- „ -----, .died. : co'on the 19th ult. at ',his' uncle's apartmlnts .01 licispitttli lieutenant richard jenkins ti,'""nt' 1yvi,ir of liis age. i,,,tii,.1 1i.1.v days since, at his motlivi•'; n,,,1, ~ riitl""f 0117thyosr, cass?ar voglitnlsceau4tiev, -,i::' opt 5.,11 4).lifitatynia 'alararaughey. • . . ,i so'on friday.last, at• her house in the stable-jar-0' 'nla, lady broughtini. • ,tell.on the 3th inst. aged so, john viscounttorriot sr.' on s'atutday last, at her house in urea( stiollay jthe countess of clatibrassill. -on the llth inst. john",0.4853,45,15,[1814],1810,1808,1808,1,3,5,5
54,1812,2647,"t' ' . 1. • apie pea, ip amass the iimastred. ties, -1 t-,,, .;qbvera.ie' eligible pimp's of fremold .if there might rout any o ta aselt,lit ..10 ground, exdoerated ?toga. lund' 1,4%, situss4ed to an '411194en ;' but ha bad tabs% stir ile oblate klelferti.iieprmint sietriti,,ina..,,,i, beim in deviritshire -creel mid gill and &load be enabled to gates t 0.0401111chsoles-sirees.`irlick limn eary and sparkler tailsamuirarlins . .-1,from red cow-bilis aml ldos-raw so glob -igoe, 1111a.1: nd, j'enio of 81111 milll6m .about one mile from whites-hart church, ifkibuty, aid step. . dissenti3iis...coy • ""• .•' ..' . • i'• -",0.2962,17,49,[1813],1819,1819,1819,1,7,7,7
55,1814,2647,"r"""".. ""in 3111‘‘'"" '..""ctw 7vlr'7 ni•atigt4 te9.40441.4544/101iitkfb4pfn. 1•• • ' ''. it:'gr° n ; °el el: ..: .....! .- . •' . ••• . • 41.900,4vieedeteotittgo.44 441/134tiblift=le -• /(4eletettiehi it iliey • . trio* tweg..°t,itltlieg' il re, 11:sw'lszo-n• ellen. s being at this titbit. sear,. •: an rail* /ay ittect . fit,4,7,lalkir.'oleftbkleektoldi:thul, hsidtmatark er therevolimn: 'of weighing, instead of takialyqkputp • ..rig::*,,,""a ..l4isi ',wt. -'riots 'd,' -i.„fatiihr- 'ni:illioj-•• ' 4 •wittic to' such i dingeteol oita de. - .•.%-t ..... , • ....,,-16...01.,...,..,kki.abisifiatibtkitothi i; kiskowt--temotefkoo. itt'gfisr,,. such ar.lear ma a- . . i -r- sr --- . tz--- -r°— 7-c",0.2227,19,27,[1814],1814,1814,1814,0,0,0,0
56,1803,2194,"james, . henry hoyle acidic, gait. charles,moore, cent. john exley, gent.1.041 pretwu;kh volunteer infantry.lieutenant lorcl henry smith to be copia. lieutenantthoinas setter to be captain.licutcuants-:- vartion, jun. cent'. vice smith.ensign robert'pratt; vice suter. ensign edward spinxercurling; henry martyr,to be ensigns - -cowles stupart, cent. vice curling. ben.jam'''. smith, cent. vice pratt. thomas cowan, gent.4. k. goodwin, gent.to he surgeon—thomas 'licit:wades, gent.aceticder aad clhatham polunteers.17(i-v.rd kc.ys, gent. to be ensign. william lovewellultin, gent. to be surgeon.r.ltuford yolmiskent.john tyler, jun. to be captain. peter. delarnare,gent..to b lieutenant. joint ping, gem. to be elthigll.woodford paw:tars..p,cp,:r godfrey, esq. to be captain. john roper, cent.",0.4708,32,4,[1807],1803,1803,1803,4,0,0,0
57,1814,2647,"half. . . •-.iforteanist as to•disemer a medicine that is an iafullible cure sae dramas* of suer. - 11106. groin is its excelleet repair, . wt. aiefornted the iirotor mit' the afebib * weft tratittiii* `.for.eonsum ['tian,. by which9bledicint be has cured tials: wart leilf•pont 4, balf-pnit 4';'mid half•psist 'i. tptiork... .mire j,lai•ilalleaka""elatedtwkriaa' lighteheproorcelitcr:ileuf aolletgaty oamiroli the etbraideere•ei!_patens residiae at the west end ; opinion..3-arlid public tiwaiiitees deapoilstit'seltsi-when gives over by milistot physiciass, and whew:., . .mate of a c• asumption, auesded_sloth coach, flpistal.t.g. leith .141;m4a. ... of the town. passengers.gods.r orals. are booked for su tae .it sees avombined",0.2688,43,42,[1801],1813,1814,1814,13,1,0,0
58,1814,2647,"•bestein• that die. , .the petition- was read . by, the .clerk. it stated 9, -: • ••-• ; 1, - fle h• d ; the petrel to of the.fire ?tilt item, ,o. which. . • ) •gtenures of the pro - ow a • •-° •‘•.- • . ',.•.......-."" '4 ""este (ll' • the • ' 'thpt mrs,..f.;larke had bogy con6ned.,in' the prison er .- ""*.s."". • • • ,-. .rc,,.. a kr;ii • such decitssiee wit!""r-it'l•? •.en to %)111,6,ce, _ • livid, au? of the. ‘ pop most oleos in the country, wee. ' •the king's of ,bench,",0.3509,40,44,[1814],1814,1814,1814,0,0,0,0
59,1813,2647,"c . , . . . ••ihi i td :vie ner..77., 1.....dv.fi • tog.1 . , pported .by the fire of leverat.katterieeof welch bead of tfie regiment e sew commands. •.; thu i . • ttleliprret ve ' idhie swnewbftt re at101ritb: .c.u.i :iti thes'h h.' t nir) flees hrdsirot iced had a. 4 pedipy . . •wane yoni.or mr.tose coastitution. • ii - „pie vivacity of this movement made it apedientistruck up ywur favouriteluite) .94-1,-' ;`•.... .‘:-..:gi.is 06. rourpoogaot popular °proton expreaugd at p_uhlic ; -~ iftgqiie ri - :chargeen sir, hebit! noty eacta,of ,both. and i i •'",0.3798,35,46,[1814],1813,1813,1814,1,0,0,1
60,1819,2647,"abbey, dublin, ""i""6*",0.4994,36,46,[1868],1853,1853,1853,49,34,34,34
61,1818,2647,"ye ad they dbo, oak~shined 'tit their well.kaawe arty keterwilvead sent severely yogked ss ey en e( ll* tor bed aalborg lame *maw. end many st she wait impel* . isiie i 4haptir stir r*. *.ii.dillossi- ....apt9tio. veal' wasey. , • .•- . a •"".4.• • ' ' ,trseviiilefint wowed i all that ow tot id oar 4iiriatt &mos. ., . 40. • low .' 40010,to the fit the remleartiliiir.4:-;-444.• 11111113 s. gee owes. lit rfcliiiellillellow.4lllb2r""'i motes i. the fallowing liehettes 'ear •. 1))111-sew 'v syphilitic 1)**11100(4 sad pe*/ (beteg pert et 4:a celestite stott), will& h winhe at ilehltalt",0.4237,2,32,[1819],1819,1819,1822,1,1,1,4
62,1813,2647,".indicimerit brought. against her, tor 'keeping' b. house of ill *fame) slkflorr--gettwasfader blamer trevor kopp, d'phmitag, eat.oxenthut4strest, and *lin for ivies& out. articles ofsad naming along the berm,, admit-it-colonel mac leod with the second. ~.'ee!)blow open the prince's gate and en- ~....,ew - ttanle4tlrkeyolti:peurlii.e,i. major '. 'i --.""1"")*'. 11""htiete,' euc, . d;thier ' the race 110414 dekflthutti' at the suit *414 wife,.action then became it %as proved...that. the. ba4ainic-itas done :. that be.baliiil/pts- , -part of the light infanryitrattallon, led .j.c.,ciehative, toaressui.coart, new_ri;ad, etenter..natnighe• fend ant tired in the house, with his wife, and moststyle to the south gate, where,",0.3761,35,48,[1813],1813,1814,1814,0,0,1,1
63,1815,2194,"wri),the, 101. note was changed,, and lberi,diti°[own to the kitchen •on • pretence ot. 'll 001004 1'0,0(1:their pipes. one of them .kept the,ax'rsation, whilst the other entered tlie pair trippe•liv6senlivixcie.liiioictfliiiet.:et;ol ori•ctalii,iiiilw,itti:sallivala(iitslticfloecriv,:l:itilliiii:.iejlieic't;:i11,1,11:1""ehitsitilteee:,.;it of 'ill the'platc, be also invite open-le —301;11'.pieeclle,asataidti07-al! iseicg!enativ itihilcehtsitltia:s.lso.aniictir 11:13(1)cti1.,),i'..ptomking to (.:.)ine next ruornii'g ''''''e e il°' iart.),:ild he in the way. inir. n•and whilst his kite was itlltillg ssi.)3( 1 .;couiatibvi:::,:sti.o.((i)ithilliiii:(elle,xl.,6:nill:'-e'ilts,lll:esete:ii,l::lllfaltei)stdit(e.:l:ll:l6:l,l.lf)isolettslii:lti'::ll.iti'r:ielli3g,',i'tck.lci,.pc:cail,ir':(;ll7l::l:l)::)-11:ettn11.)1."",e,i.:11iiclic!t' itime-piece was missed from the i.ll'tj' r-lic i) lc.reit') ill tile drawing-room, besides a w""te,,,seofwere taken to a jeweller, erli.o (iccl'i.',l ero'll.trinsic value. not to be more that' hal3-`.nolintilliot respectablesci,rne(l. tor ''cl4:::l:6kiel-c::::;:lsi(eliceia::ylc'el..;-:g11)1.0eri:111°l:13:::17sic'ft:clyel:e:::::tet i.)1°e11elti'c)::;5:.11.i11:11::::::'dattly • 1 l7lii:eitli6nglyslew",0.4874,10,46,[1814],1813,1813,1817,1,2,2,2
64,1823,2646,".... . 14...„,,,* -2 :.""--, ,. -ilea shamelessly insults rat -owsi favourite idol, pro- ti ""sou!, 1f5""717"". 'tp.c.'77 ,112 t!lf; . !! opexnuaticti nam) of plittaditelattlk - . /""` - • mproviciteily•kap-inventing assignat, making forced loans,sellinp gisn:::lhfc.r•ncs 'h.shoiraii,, 21. is .us.!...tp, el.. ,ftest,ptißc• ~ , ~,,,,„,,,,„,,,,,,,,),,,0„.4. riedied 'td.aawoiksithe sothe property of the church and of emigrants, while at one p3en nt!rn i. w 1 -1 0111.kent, inelliired' (0.4.* lisoultytkritetrimititipporgoozotiosi__roma m ahusitsitbuieft....... . .•• j .. ..../t , , ..:•open' an abyss in which all property is engulphed, lo to the /kw-inst. by eipreti•' the'.. skilkff•ofilardpial ja*. hisan 400110,01$11.111clbetis' writes' to",0.4315,36,18,[1814],1850,1850,1850,9,27,27,27
65,1812,2647,"tobe transmitted t i richard tensdnler, esq. merl/4thalt' 'ravineshall, by 101.44 they mot be rormourticand ati 11111:100insittrttii.norediatply after its appsiatinent ou wednesday *fat, to, ••••pi.a'rf. mask company. .• r..l.r sltifi public.app,i,rtfunuefl,. that. a lacip?batisert.a ...a l'l kir. (4...a53 a n..w on *4lilis 4111.1i/w/1• b,met,ai.iaani/eit 11lack. at the compapv •.itelkinie. a i.iiox-.111.41m41.111.tat! k /11411-ititilf)4l.:,""f a nue cau;bri.ll6.lllo4orl7igishel'i soul nt tatiutt;tiinseissiolii,12 babe.. to 114 4q_jo 12:lathesbreadth ali,. gnnvetcorteave 511rrorii, moto 12 to 33ioches iirdiatoeter. lad sbe teroustrioutemar th4v be h.ol for('ourtry oraers,. by addoeusitipt leiters to mr. 1villi:oa• the mossuferiory, iltskyvishoulki ease pvistut,:f i.aftashire.trout the great improsetueolllit.2 r. 144 e. )inte.rlll4* :11,4""n•hrtore,note",0.414,36,37,[1813],1813,1813,1814,1,1,1,2
66,1809,2194,"iiitti aspe.•4.?, n. m., awl.1,/t the fti,):v.lul s' ji the veiti.:ce.ti cuff.• lohn tiio,i.ii'son.trlt.trtruutii,ahler fruttily re:iaolty iirt:velkt ficaktognanh: awl r t.t . tudiii4:7; buu cted4abie persons realtymay a 1 in be referred to me and finfeirmitt, t.:4•;k,.lt.trai.,y-t;rbicnt;,l:dtiltistiglt.a: 'iluc+.l4lht soil? proprietor,t av i.; ) i<., member ituyat college of surgeon:;it 111.1 11,,i16, ;t•wiiriage-surat,. .. .w bei. !4. +.,. .: 1 ,i v:: aaty ice w i thout a ti:e, to persons talc.img...tot:lx l'ols, mat wiil misu'er patrents letters, it pust.pail, 'oil ti:;:! :1.4:11e terms, observing in 411,e4ses the trios'1' trtviolab i,- .., r.-c=;, no periowi na:rit.' or case illving. beettotellitosivd, belt",0.4944,48,20,[1813],1813,1805,1805,4,4,4,4
67,1826,2194,"of'''. oh ale 16th hot 'at dratiiiin* 1041th.,„„ht1°,,, 717itir.rstils°dickson, depot pal/luster of hig abriv ""` o.sl'""a lion. r i f isla•c~, ,'', the lel u,q,u,the i tith -ok,i•, in raltuel'i 'owl, .„,01,01y,kife.o44l. a 3 run. ~ litibcrt...ri.,1111,011 in!t'' atcl4o-411i..11""' l'!1> 111 -,lawri,,pf,:::,,,--77:-!id—;77-- : . _ lam , ' - "" ap-- ... . •tie igii rest • . - bi tleitlw°' "" iiii ,lat ketisiitstml, , . .. ii,,,p_ . a,,,,. 000•fitiii, 'wiltiaii tith-46 thipkiilaini;• en' rv,""..lll:,...aititippr it6.444iee;"" al' titabi.th, fturifi-cl!!o.„tltlif'„7„,i, fdu1,321,1la.,.,v.,sil'.: cif sioilthiituptoii-ists+,blakfutio,...7'wg7,l•,..l •1died. ;0,1100, 01,11.,,,hav,--, '' • . -on the 18th iuit.i, 'at 'hid faller sl'h _ °too.",0.3126,34,7,[1814],1813,1813,1813,12,13,13,13
68,1807,2194,", •:,... :-_--a;:staisli,tonciat. in slight cases ' • ""'' ' '''' •''• '' ' • ~,.1.etkt .i.ilid urtitortli .....:ttton, • t•,,irrettled- ;ana'hi! iia in;. lo i :,:::aivitio, re:idence.in warm. etioiar:s tit' 1,•1 '' .-""-'' r ' ' ' '''' '''i! ' ' ''' '' •"" ' • :•• •.' • , • ..,-)rovod of the '1: hfeu volunte,s, tarict hauart,l;43.;. 6.1. . • , • . i .,~, • • ,••, lt; .. ~..: ..;., ~. . .„ ~ ,. • .•.; . •.; inn •.. mare ot.setou.l.y..• 1)....,5,...),, ..;:, jo ail-recent y. e. """" ' ' '' ' ""''",0.2677,48,25,[1814],1814,1814,1814,7,7,7,7
69,1813,2647,"pivasssii nod winchester cord w harre, fisiuhbtae.• ' 1..d31 inc wo""? iydv"" s'af txe nelr. coil) f..cluing;e (.701f.e• fr•fi) cy. 2jth of nigatt, at ty. 4. a-.7cla 4,, 6f...ttteror 01, m,.ritagetwn, _ • • — •, ,ri lewii.old inteii.est di_the 'kw,:• -nix. tied winghiatit.t.i)a4 .witaftlit‘ now.4,•irably cliuk-street, aselkalt, sesthosi4;.sta4t_ •lot is p:t!titt ;until wive; being an .41.1.1k.fahlisbeil .ii ce., wish r !itemise right ~1 fitr4rtnifie^-brack•buili ellnittrianbes. fitted. our' finish. d wt ike hs4 re .spectatoe proiciples ,w kr oerl!)r itirbaikei 424014411t110lag a vie» alf tile lbssitem ad wlitsrfs with ltirinr.btt.et• iyr •prodage licivenary, for tie praseculosi at (oidt'filibitivell,'4, •soirli line",0.3913,42,44,[1813],1813,1814,1814,0,0,1,1
70,1814,2194,"t);;;vi r. li stian.-- .mr4.i5.,...4r5.....14,..5..t0n...;:....dap.yne?. -nii i,ll!t pubii pa , mis""-sliittlieiii4. .~t xi ic °neillbe l,are resperffolly irifor.med,tb, • • • r .c,:_,y ap:til/, it""aracter of isabela with a success pe t ..t.l.~41,41010rtf1er11,)%11..e, will vep.eat, •tyat character on everfri-ay,in °lay, il• ' • :hiss . vneill ;i;vklig! 1..1z.v. ozneo• and' 'xitliet : . juliet,fortune 12x.r:1.0t.; 1„g.'7,-..-011' tuesday, tbe wirl (('-iin• it ed n es.•oli,il!e pre;ew::.!uble; with- blue bvini—} on 'thurs-kt.h),„4 o : bel vi dera, miss 9 ne.' ,• ,e ;„ii h ti..tt .4‘,ariz;ire irieur:' oc.larin, mr. kt.haol..,a_or(altll 6,, 4-in-friday, isabella; with rftl.l ' '4.1) ekliel'erfortned, f'or. the first time,",0.2873,42,31,[1814],1813,1813,1805,0,1,1,9
71,1810,2647,"was iat;inlaid ono most *adder as au ilidtemiesible pall eft; moll* to nestekthe deekraohjeci. with newt to throesa local knowledge of the aqua; state of autweip. chi ao., cupshey of baths, or jahn mope_had *dared, that itoroaches to it, the eadiamet:deferati, aid the keow wage of would hold out several gays, if *:. oiled. la this opinionthe probabilop thiltilieriolaisy ash* be apprised of ukiah. he was andribed bi lord rossiya ; yet these akewy pre.jecis of the peppered eiewlleier-' the nob& lard, *w- thateary eamideratlees wen le* °sleight ealeslasko id ?alaever, couccived, be hood who* he coiled skits m gorse.",0.3928,12,34,[1819],1819,1819,1819,9,9,9,9
72,1823,2646,"one of the authors of theaddresses—the spirit( of the age; or. portraits of dieollivirg characters---studies in spanish history and mafi-a"" by ms authorof dobiado's letters—new letters of cow.""mks poet--table 'talk, no. 11.—the :11untits, no. i. january...wwsand projects extraordit ary—castkilailders—my uncle,death of itiego—the -fall of grenadaate hoar of deirth—felloor travellerss-rulgar .errotis-•=-thetgainy,...and the usual varitales in general literature, art,, the drama, political events. and ,domestic occurrenceslhofttkaut tke• mated for fienry colburn and co. conduit.street ; bell andibilfste. edinburgh ; and john cumtning, dublin.. the numbers may he regularly exported to friends, abroad,iesiiplicatios sr the general post-office, or to any local postmaster.soft ;",0.3602,31,22,[1807],1812,1812,1823,16,11,11,0
73,1825,2194,"s uppt led•tillt.,t.ly 01, _ reeg of .xpence except the.materials, and sent, tff,4ol4taiti, trietat britain, and top the east and n'vest in--114! expte4 °.t.tt, and merchants supplied with ca-•'411t% tl4vartrtent tailkin.° or re:,tityllmished at a few hours' notice, and",0.4881,4,54,[1814],1813,1813,1845,11,12,12,20
74,1830,2194,"-7,,„,....,..::,,,..„.2:.....,-,_:) ,"";•.---) .:-.70,...._. ... --....„',..,.......(.......--,'.,i 4.'4' !c:...s••,,.__v' • =, .... • ti‘e' \`,.l' • ....,,......-_-....* . _ i..,:„."".,. 47,40 t,~.„......•f ittat-n.' ------____. - * •' • ..flr,,i`:-.v,:',10 ~,,,,.... • '... ••• ~ -„,,,i‘...,..„,„:„.,,,\„........... ~.., •...5,„......„..,,,,..„,..,,,,,,,,...e.5.,,,,,._—_,:.,.... , --, ~-;.:-„,„,„"",...t... •,,...)~ ~.$7,,,.5„.0.,,..,„-•..., ~...,,,,,,, .... ~s ” ....r.,.44/ .•4 4,, -• ..tl.. •••riv. .t-....- • ok.4. -,., :, l'i. ~., , ..ceffif ,-r ..*--,' - ~ , . e - -;• ii., ';.4..,\ ;. ..-.4-1- * - ~ • - '•,. • .141""''• ---""-q- , , 1). - :•-- ';4o . ' :ri•-, .. 41,.. -.04,;. - . 441-*7-- ..-..•• „, i.•• •",0.2143,17,31,[1814],1853,1855,1855,16,23,25,25
75,1823,2646,"vita to india nails- he.: isof*:/pmerhosolpiisitaloor ni""%vim, fot•thdy retired foi,..itone..iiiidoog tin ~ . ~,,, (-:-...).1%, , ,;,..a.l•li.._.: ,:iii_ii.:2;.1,„;;;_;:::,!„.........14••• .ant is iso....iisetito,a gitiis:;"",„„;;;_tiiiae-akip-6 ,b--nhm. mums in•the college.- - . ••••:4f-41,-:5.,-.174-;:.24;-.4.• , . thimisitias:ittaseed 'with dti ifeirti lifta•qingitti - - dila 4011 g we we aluipa'449 *pit,.711`. "" e'lltib,,.. '7l ' i t! .• ir -•- t; ~...ze -,- • '''.,: ,l.,...,._ imonuager.4•o,..!tgi 4t4tratitft;#l44lq.nee. • • to1 ri( faiat'frohalbt""lobior-biliedvind the'refeire *..1/11,4ipti,..... p.lttittollll.l4olf.m.rtnl'nteccilr;t:i „t, , . 1 ''.t.l""/,""!`44‘11). lisi!'es's!' !`'',""`' : .`""11•1=7,""` ithe clia i a iia nbt 04;3 '44.; qielriniso made sr.""' ..•la. • ' liiiiiiiki4u ''it*- 4rof cocthbe=?wt4lo/416)4; ay? b• •",0.2464,20,43,[1814],1814,1814,1814,9,9,9,9
76,1801,2646,"a4ded s 1,14,1 4""a of commercial rani, ea.nibtetniitte felittlint.e of ell & ado of iparfismanil rda#,e tie'bet detekaiie.inforento.andstg or .p. i,4cortgit.rh4.3pcf.,y3 tiutary-p4*** cis 040 of 4.23141;bvit =ir =gar, n4q:c ani •~lt bptn ttie 1grterets iii.v4k ihts nrrriet mereblann end %wiry,and fin anew that only obfirre•tbit bi pledndelsb ere tlaneeev 41011reki sot en 4blithel %hp *tic gi y d 14•41e1h 0,1jjiu autitass aare ottniltreetixi4 tbo: &pain° a mo-up col ""nliifercbameslcanntibg-boufe the peke oteikawork . fie %to._ by tie upplkatton of any one of thinn-moons forntenobieb it contains.printed kir r. phti:i2ps. no. 7 t, st. paul's cittereblapdcad by 11.4efti.7ticlinn4fon. aral. and dna",0.3361,37,13,[1814],1819,1819,1804,13,18,18,3
77,1817,2194,"• 'pen41 y 4 engaging to become. boundb ht the .rg, forwith the.e.itor„,,,_ hum expressed in the partioula.4614;7:1ee of the contract.tr,[ ""nt by post, ill'; t.. trust be paid., t 1,,,,1 , . pl)3 'lee4a'l4 al 6wl""g counties to be tendered for tepa-:o„tilli"" noracks itt each county, (except ti',e nu-,.:1131""0:1,41.11,1t5i.....t1e supplied under one contract, viz.i,:i.t 1,,,,,, 'a, if qnts, kent, 'middlesex, i..iusex.~!c4c,l ''.3 and tu• ,1:t..-""af lilt. , ottacts to be made and enterer; till:j,i,, lilrraclit at the following places, v'l 'ii,'l'''''ltti,,,,''',l°l24ril'le: barnstaple, dorchester, w.e3.-.',' 'it'tttiol:sict.4pletort, parkl;nrst, 4le of ~..ntan, mnts-,c 112°nel, 1 4104 tis: northampton, noitttighatn:111,;111, to;:444oard port, croydon,",0.4103,4,26,[1845],1845,1845,1805,28,28,28,12
78,1808,2194,"serz.•:le ..) ih;., 1).14, r,,,,,, i,, i( ~ , ~, '4,1tivetz.v 31,.-•'., : t.) .6.., tkliwred 1;112 1,,, 1*,,ciim!,1,,,! 5t,,,, jfde al ...! ; -:;,1 :0 ../... i -ild 111. by biii,i, r.q.y.e-we, 'with 1.2 ,t,a,.11; .. , ..i .: .. .: • .1%. pc... i c . . •.., .. ,1.,',... c..,,,x,::ti0n.r..t1 the c,..nti.zil ro.v be acen :ti. ike scoy'iry'tofti:•e. • '. ... , .i\q, ~,•,,-,f 7,fi11 lie had jo a•tv7""...-n ler in •?vb4s.tbe r# tee ihiln 7.4 ..':e ini,,,ed i't , ~,rdt di( i, ..c . ~.`,. ...v :!.:1! i 's,:li ina al de:i to.:e el lathe 11,..ard",0.319,43,38,[1813],1813,1813,1805,5,5,5,3
79,1823,2646,"grnneyefs;vi the 'mint, as. die igivovi liehavme. %-etclistur . ' ~bink- , lag)lad been drawn and waned by aline, andinvents and ofacerlof his majesty.,handed by joseph lockland, ssidatreskthen band at.11e, fils•cfr, i ii.v piwinr: ..ya,lecutr,iii. a one, mr. ra iiii (in • absence of- the ttosocy,gf-to messrs. sew7ert tek!ler* .1r351 9"",p411!,-/ hetnil stated the it2ti%. 116 salcithat the' rabberv.was - ... . _ __, ___v____ _./. et_ , .a...„.a._hiirufria yirds. id &utti;,- —.. • . :~the triii—a—cistwe-iiiiiiiiiiitier—q3l;;igts-;67i gave hiss the ise*: iliatinistreat addl. the batkofpii4ose'thti wet* 600 nat to width 'fletizonitti charfitmer anift 4who fisuntftlisone* rbpireni m liteirtft otikift the",0.4885,37,43,[1814],1813,1814,1814,9,10,9,9
80,1805,2194,"this office ; they41)pi to find that the plans they have adopted for theh' -.linprovementiii fire insurances have given such general s -: i intattion, and that through their exertions the business istcr understood and its advantages rendered more generallymeeficial ,• they'hegto re ommand their mode of insurance0k agricultural- stock, thel premium upon which is as. 6d.per vent only....the 0 rice mak • grants insurances for periods short of a year,.k • , eu rood loss by fire from lightning.z.l._xelpts for insurances becomitu due at lady-day arc inie.nantis of their agents, in the principal cities and ""towns,""0 will deliver proposals",0.4962,36,4,[1844],1846,1844,1844,39,41,39,39
81,1821,2647,"an tom.—n. mel4leliiirinimmon 13esuemee op 7( story day t4. iide s mobiles 0 01111,..vinisition ef ward's grand na?walauxinort. b oosmssesersiles of **trw** sottie button imes. se no rabbi of waterloo. fabledw order otis british bastbstlos slse si ha bywow et tis igypillas mall, illlcesdaly.adositlease is. ciwegee dow:dries n. withdied vials. steinlshazzar/4 beast.—the disenity wag.eeto the visitors et the crowded nesse litletilldatte have esperieweed to eittele s sewnevem a transitory view et ibis great wert stir. iwend de prillent proprietor to eeedeee the 1111111-bidesat it fee a kw weeks, with dte celebratedile=10111.11la. by lite same artist. et us. tweed. athe dreg",0.4633,35,25,[1856],1857,1857,1856,35,36,36,35
82,1810,2647,"1 /o. 4411laiss sinker. - 117 6a fklent • ••: ujo 6. p..rewster and j. l. .4 1 6'john wont ierafr '-oto 6 a. peorsuttaoil j. pail- 66 ' 0,a yr""4lll,la'c'eo..cat 1 1 0 rhoo - •spoil:nitro vier to seat foreol.ttodiet.rtnr.-antriitur - o.lo'o* ell upon their ao-."":"""" 130c't . , 0,10 6 mit:es by the 10-.-. .'llairmis andrew . . 1 9 u come tai, but whon. iiltawcimo . -; 010 2 - flury lathe row wal•:orphllilinert . • 1 1. u of public spirit in •'tuna• s miniuloon 1 1 0 neivea-tle, to sup-: afrieanl . - ulo 6",0.38,40,44,[1814],1810,1814,1815,4,0,4,5
83,1823,2194,"...irtitii.v.l-intli:-oll'7,tr, ‘‘,l.. i..n.::.,...,....ive, er• ihautiiciaus, in that bid a,:.:ti ' t'iii,';;is, the rat-t. . x.ri':itlic-sticint, the cv,irt would .'erdhilit en • ilti pri.•!iile '.• ,::. ~. i: littl•`itattif 1.4 d :,icoivn in ,""q;:ctili.6 hod c;;0ke.""...• '•:...', 'n: 1?:::tr. 414:-.--that .was :an ..app ~,,,,1 tient the '~_ „.,..;.•.; .;:i ,•.•.;;, catirt of till dein and chapter cf .:: p:'-'lit'saria the pi-its/tit judg•c of the arichectilef,...,"" cin it paitt ''hett;;large 13 aothiqg.""to,.-guitie tlii, joikkodrjt of the 4.,:trior ,ootittbut that sort of discretion which is said to be th a '••'to,,,i i.:z 4'..-bitr 14:.n,.' it is only' o:i a veryi iitrari gi'daltt: that",0.3687,7,57,[1814],1813,1814,1813,9,10,9,10
84,1805,2194,"w:th the usnal dellcacy and *lind-• •• . •tr‘,aos' nitintrer artille,i•rhave been thiornitriltating their evollvions on the shlie to tho'nditliinielit of the town. it -,vonici be weless: to at-le,'te rapt ntittitttly ex,-1t14ja, tt mnceue,r ivres, tinas--4 by, it ch:.rt of the part. • toatellst(""11 'tile1.411rn,!i to the.fo element they rush to ttiverigettif thfti.-.lntinne for so•nt! ti ay? bravingtiltstorm: to fa .ti:aciie them with-. t'lls).pail ester rt'lekyirt ateuntexrrt.scencf...s, .and throlightaailtedl•lrt pti' of rmtrtne 'vegetation.-iil'lmy is tarn st riin,t.l to ale 'discovered, :ana.; a~,a c..itrelmstanees of real aaion are introthred. ,a: i'mai) is seen. availina• itself of every. mans ofr,,,.~a tht!. nttnre",0.4519,40,33,[1814],1813,1810,1814,9,8,5,9
85,1814,2647,"' ,c,/ it.t.: 'z , illifecit.ilitv.""344.t i ellaell,„i 111111..the itelgrolliall. ittniallacep lg two &m. • • , -.. if yif fadtar. .cascearvim, • . . ev,lite iipelleil+..,_giialana ' ill war', . it.6oofaiatratiffil"". . .• ' e natnik gri •ei. .. • .., ot binwilit ..47,7;....1, ic a ro::.- 4.3 i>' • ' ‘.• • • .•• !. •• ""4 '.: 10 1-64;elellit)!it 'ic ...vim itt° • litatlmplmposaltoiettlifitity44l,ollol braneilln,. .• 4119ri* ilkalfisi*""d.' r'44 114121l1m1, erareftrire4i""9l4.3sl4e'. (at ; ...*.' ii . :.,.,______' astrittstteteliarintrel- ranaa janidalitiniby.....4e:blii:44l6la4hilewilitia.411.*""1119(higi""‘f""ta.!be 'nao 'lii. 414:61iiiittli ulf pia leak': tit nm i g goggagomi g gediagul,fioeigi. . . , -",0.232,50,9,[1814],1814,1814,1813,0,0,0,1
86,1813,2194,",14.4have ory gro',7l',. e.,in tlicac itrio , lite inatirreetiov. 4 .144oore inrcreili4""i ( ,ttt, a in(onca! ttlied .:inti doillifr 0ti iby a coatideq,,,' ' *lto1)101"",il b6qll ait, 13oit; 'ilpairca to i 4,e: elbe, i this "" ;ititriy, tin.cl 141: 144)the p:,,lbe jt i.it; iltilatilt he at 11',.:4‘,,0 rinvitttlenstui affilittenberg. c..,„ . ~:t.loin. to be, '' eit.,iiii', . it••liigenc: 350* • !tt fotiii !1'.31 p3c0115 : atl! cattle 'b:i,';4, ~.lie r,;,,,,i,,10,,,,i, ,i,gre3l,ya' i i,1 .[ding toevaevteil ', 4r;ore in it,ia;to t:44at putpolitt kittrite i..,:oti itt,imperill l'' - 01,1, k.: .if 1, titbe stibilrei ""0 titi,vlottic, colt„ . i'ittlite,:, or :30, ,",0.3945,8,44,[1813],1813,1813,1805,0,0,0,8
87,1814,2194,"()li‘.e, and laurel. toe empress took ,__.a eatit,,,ls er°wll, and pl.tevil it on the head of 11111'0, t s'o• the brilliant fireworks concluded4 hi ,i. 1 ,p , ' nquet of 12,000 roe .-t: s.t 11perttr -• 1..q the privy coupsellor, 0,,,„,,,, ‘gtf, itug- =,-,•—• .po~ reti:ne oftbt c?:)i\csselrude has received thel9' ..,....en.41.1 eivm department. his majesty has ri m itotw,'oa,,tl',t flattering letter to count flotnanz . . heilthlg his request to retire on account of his'10,,z°(ny, ana. 28.—under this head is a verypol'iii4rtiieleirl justification' of the sentiments andt 5 thecill c°nthict of the king of saxony, in answert41.,,;',11ie1e in",0.4205,27,46,[1815],1844,1844,1833,1,30,30,19
88,1814,2647,"nee repeat tnoreithlts french columns, which were destroyed- - ie.,- rri:ilfateav pristellor b. awl' it. troshrand cn. stutionors'• or captured.i...persto ,•-.jo . '! illoorli, ledeate-street t and suld by nil tioeksellt•ri. •• • 64* tile enthusiasm of this people is beyond nili miss c. abberibi• . 14 •., aim rioted uniform with the, sits,ive, and embellished ida ion ; you canscasecely form arty idea of the56 0 sloss m. itoberdo in 4 'twelve mines, le twelve one shilling numbers, see. llriet:ctilit. ,x. y. 3, . 30. 0 , itiplal paper, h. 6s. emelt; litioplete io histaejs. dewy, um tt i",0.3923,1,0,[1814],1814,1814,1814,0,0,0,0
89,1810,2647,"it.rota....„.,, 4,3.10 hr redvecit to a 'more elit..dvantageous .4tuation..cf 1.-rev et. oil in *fare tuns afflicting . alonfit.. 'l'llere 114nw in e• auil,l4l it x lw. titan there wit, iii the old~ •itir, 4i1.1 le 6141' naltber for natty years there never wasaid t:w 4ightra objectil ff. •ft, ?iisprfripes grow thennelvezlin the rbarneteristic)us-..44 ills•rality of i;oglisifii.ca% and in retort' fuh; the ire's*~,,, ;ilene, anti le;piro,ifftillty *hick they have chet r.. 5.herrrano-red at ordt.e to .roat calash., an, atoeft teosibe sra.e.tbz fore mini liafterutenamots of the metro; olio. they re.,• . y solicitille patroinge ind tikppiort of the public. it •",0.3631,35,51,[1814],1813,1803,1803,4,3,7,7
90,1812,2647,"modf.s of dila ining land,• ~ii, have inside it accessary for the sub-canatittee to devise according to sin system poetised by mr. joteltb hllollooo . at ladyday, and the tithes over 21,0110 acres. of bind.' . - r-•moo rifeness; centroal ins matter so important to the we- (for the d.tesivrey of which a reward of one thousand pounds , ; ily mosso. robins, }opty known to him. we have every hope on earis it the compnay, whose lain they ore called mime to ad-., was bestowed by parliament), drawn op for publication by at the amin. man, mm- friday. oct.",0.4154,42,55,[1803],1803,1819,1819,9,9,7,7
91,1814,2647,"fraf resolutions ire omitted, being sitemait.to those reforiih .'hat its intellettirel force, oaf its three 4parwicn, jae 14.-arrtved the aeckland packet, with a • happy are we, my dear. son. -when we can:iirevent • 'on at york."" i have also undertaken 'to' principles do so conitiletely exhibit the.reitetteof•-its.1111111 and passeagen tteili hollaed. • • • the shedding of. tears t-bow. ;ilona *ia -fpliat is ' •i 0,... ce one of the said six, which was wholly of a• , plan, that our legiatetors; to *hole iktispertnins seour sleep iif an men oosidbotottwiked.o.•.. -.... • ; i, t character. i find",0.441,5,47,[1810],1814,1814,1814,4,0,0,0
92,1804,2194,"1. was ""j—ced fdtryb a box of burn, which 1. thought rather.relievcd inc,,^113„yr. persevering for two or three months, and following 1v:di cohorts,- 1 e;cperienced the most unaccountibie ri3x3,..""1,111,-,,fifaln? the sores gradually subsidinp, i :on now , .tehat ft;tersit:at.biilai: lciv likicttrilyr ithybeeafle:tit:isnctri:t.testlorati;:et. i11la 1141""14-6u t dart`.'i l'''' 1 ( pulli 11.not, hie one more box? which i think cautio.:s tooa, --nlyself, sir-.o your much obliged humble servant,' ,u; of,~, buyibeer'lrtlg"",.:atitty.:lrtsr, hi tiniffe,lpheni-silittet ircleal benefit,uv: y le. i:4ssittt:ia:itt :alai 1;1'3:ael)i.b'r,:eofht3 :co' til:-:( rtit:judgment shall dictate.l rep arcd ~nd sold by the sole proprietor, nns,tilos: ta l' lo it !'.nl,:rnbcr of.the royal",0.4232,46,46,[1813],1813,1813,1811,9,9,9,7
93,1827,2646,"die -thee above mentioned, and hoelagelfatehe ailliadlon,i hope i shall not be lo far misunderstood ss toojelin amp, rod. lancashire, cost er, april 5, at six, elicit-was presented ler the purpose of giving a legal •thqtaellt sone ligoor. it waradaffeted here, dlitarlineeallwenu .4-11!abe et ' oda. considered en euemy to the liberty rat the press, ce due6.4 di, and may 4, at twelve, at - .• paw inn, wi-fma sahttion to tome arbangemenokmade out of court, die- from whtell haat ""a"" am; was . .. ~.. •_,....li moot for . . 4.i,a• • 'anemia. messrs. mils and cilla , ;or",0.4363,15,36,[1819],1819,1819,1819,8,8,8,8
94,1822,2647,"war; • sof0414 044oimmomwthe' aim* awlaaattia,sift oa 044 wm*.'warmly andible.frosorthewes the,led to abide! oworosh* -sowadyam wore brought beymegietrate, on a chore of tagraeoryti. • friths mated by john joie sad his bretteri•two of 'the row7streei patrol, that sofa_,le tlin.joorelog say toe;fitillsllefeeolliptlerlootho iblitelett itintrolt cofttalital**49ol""wow: they wens al/ eneempecle-aid lawaagt them obey head twoitetak, sad one *tibet.' bet-*lgnited. thit 'little tetto ofmen were 'stout, idren le their arms. 'f,tejj.with doe respeet,'llioedspetall the elotineeee'llily:pekatido.less inters/14'in eetelot•ii l**4k-11ifiie-114'sad lie orters the ticrotiswarthy ogtrit.assured bilki bier *wog .fetue.td• bat they nellfier, pretended' os;realqy tiipsies, foe, said one twaila we pals'weir. rapt,`'ta* wee .pleidialadd torettifitiasish6tioi",0.2953,42,8,[1814],1819,1819,1822,8,3,3,0
95,1815,2647,"a.. •-• ' • . '-1 _violable secrecy *web men of their profeeedub sheikh alsit,lis , r • • , . .-, ••., .__ s ite twe wbrhat wined-vbetri(-www- - .i- -44.;•-•,' •• - *wbwrve, ass loiter themselves the adrice mad assistonce.the 'of this iteralitsvlsmlßerftersn-_,,--...t. .... i tcsr; 6"" polled from the garden of gdons,.etter w , ,• . .gratuitoe'ly administer. eu persons. tokitlik.ati°, 22114cirt i""it 1 the !kr . riflei 441,111*0 rpooil iilo4:4ifili• piatce sifttlifir--41 wiii eebilifiat'te cda ia- . . flea .be reteemed by a discertatig tentilic es an tidy:image se oat to .be ow:timed, mid void otenttilrii;t.",0.3224,22,23,[1814],1814,1814,1814,1,1,1,1
96,1815,2647,", • ~;• f ' •gfil.a4o 41010.1 1. 1 16;rlier x, .. .. , . • ' • ''"" ''. 5.,• ••••;', ' . • . ••••, •. ir : ,• • - • • •• •-• ' , , „~,,. .•• '",0.4327,30,45,[1814],1814,1814,1860,1,1,1,45
97,1814,2647,"le iltaturter, [lev. j. c. koonce; c. butler, ' hoo-ha now made, in his place, as mertuber of that i, t,,in• b. the gommander carries no passenger whatever but . 11. ilawkins, c. dumsa, g. joy, a. becket, t. m. marotrave, aii,,,m_ ; stir' action the duke of ciudad rodrigo, itotwith- - •,. ,irs. supereurgo, who will heie half the raisin to bis own me. ~ j. w. meadiey, j. poirlippart f. silver, j. baverstock, j. '''''!"".--- .;lied wee sets with the coamander, free of expeuce. during the i lawrence, esquires. &c. err. inc'' marquis of *f.lliiciton. • `standing his",0.4175,36,51,[1813],1812,1812,1812,1,2,2,2
98,1819,2647,",. -0? l. r= r 7- -f. she swarm wallets had won i •••• td. wiecnaiwt which thelial=""t the-lbeselislii• ants mesas door 4killi i no,.• net. ' , rime*, of wbloti he wet doeideilly, wwi% ewe' is disowns of tiss possietweek. •.-..-- . -.•, •••' - 'soy real relief to the di'lir. 211141 a. llesease.• - - was sot ow swore oiliest is its aware. thee that 'shish lord me aid, meibiietioes to tilii ifithitlers wile peal* . 4.ltpe.llwit,sl • ..•spew* offlflllroll mays:lunn. gave power tii magistrates is ester sap dif.r ,„.........6,8. gaae„ met ba.thealgetatioesa 'nnw •w 77,1511111 iuse erne",0.2758,21,44,[1819],1819,1819,1822,0,0,0,3
99,1814,2646,"-music will ossoolhied 'proper spells being tuarlitd•otn for those who chose to *uwe*that balloons of different alms, one lhrge enough for two persoor•. iy.. ---).14 if.. /se, jkly•tg, 't e 4. •141v1( vpyart of dfiie.c7i3rs of lite 'un/tea•. cowan?' yiviirciunts of england,froard.•06.1.4.7. inbies,,sk herehrive swig,. .that the court will be ready to receive proposals in writingcor or before wednesday, the 10th august next, from the ownersof suth ship; of the burthen of about 1200 tons, w bleb arrived•in she year isis, laving performed six voyages in the emu.*inf. regular service, specifying the rate of freight at which'they. may be willing",0.4338,44,47,[1801],1814,1814,1813,13,0,0,1
100,1818,2647,"is hisnikkei dbiesuion ram fairly and temperately con-doned, epos notonly most ionoceit but omit's:wa;end •in tinthinioln *kickby,`tlot appiteiot iii his i*ltitta4 lasing 416011.• illy*to the telvdilit; histery;•ol elankind. the motives,appeared' title patfectly .loghticato. nap if whelkrow fortitt**- and prepostod to discuss the petits.at history of that cotiatektie cdte toothy maiiitiatol:woe not propiwwd to any that be had tan aright,os a liritish eohjitti ale .de. what, 'wave *eltire months isf• i' poi pteple 40 be stopped egwas no mar to hate the power of commeateetimi10 his fellow om the honest sentiments. which hewelt petiole tatters matters intimately ionneast1 with the of",0.4171,39,4,[1803],1819,1819,1819,15,1,1,1
101,1823,2647,"so gout of by will toter ds ""nav owl. lola r• lif : •.. .„ ... .. .t.~. t: , • ..::. ;,... •,..t bras„..-. , say greatly odd to barbapplossiti it .se ss* lesorl aiming wu se !ngllif '..w.- ; orpt 17., trely paralleprilp•s• * it** 15"".41' ti*.giffiiittrlialpti;il44lqt*""4 ineinabont oo this eitortio- blameful in ass as *wet lho skim& toateeopt **li yas pritiptt: •~_, - . , 1,.)1ta ail h4m .ct .16*/11,, mo .:..1or' 4101011tic am ihii ••• •mk...,,._apirsih. • 11,.......,2=l, ik.ellts lands pass as dila in fie brood+. 0011= sante to ms h 0.... - pearl/nit to.bar...watteops. mk!",0.3544,22,38,[1814],1819,1819,1814,9,4,4,9
102,1823,2647,"aceectaftiffqms'elf mit hireditkk,lool oilkothist • tiliftellati of kilowletilie,' •""-'' .1 341'.' : ''': ''''.:er'. ai..*pielfvl2ilioffbletlisl.44 iiihi'lltio• itiiefitievergid at their mies,' forrent of 111kh* ocean/ itehlissrv.'cratibli etidlik calf,'do 'wm 'l9ll, .of 'dtmettllikel •ho did not know him pectonally himself, but ittectslolk1111e.14keen,:belog-hogmtlaseberith merits oki& lit thkadherf!hi•gthicifhir rtlhelitalmtdeilk4ok 'hie a moolle. madtook his receipt. he was positive the prisomorkammlbe,lkiebit *lb itvliodalbe paid :tfia dealt. ~....: r. 1. ! • .11_ ...1 plifipesal* theldirh;livoldated am tectfipt theistlekdd 'lky 440: feldetilatradirpdeini te,seeleg the iirlwitimt writelifortid, mete& 'etsv dirty m.:iyurseek..! ~, me: wes. hitistisee *lt ; un* • freipealwi see& aim; ""moditeldthmite:w*4llma had bf mem aumiimee",0.3542,42,28,[1814],1819,1819,1823,9,4,4,0
103,1813,2647,"'vice . corrections and adlili2s, the officer, • proifeeded,_ from 'silt.-in justice to you, and wishing well to ituv.kind, it ismacpherson. i joseph's house ill. .l....handler.street, to bejß""r""' my dessre.that you make known iwt,e nsvy my case. 1 n.:-ensign john grant to be *ottoman, vice warren. • •peter new. drat. eke ',hue, roiosted is i e:nrt, phandoi.street, to the, residence. of james i turned laut..lannary two years trwe the west ludie4. in a .s.tithe ensigns, deplorable state of health. i was redneed hi death's door. and.4,w 13th royal veteran battalion ; william want, gest. r ranklin, one. of the prisoners",0.4338,56,10,[1813],1814,1814,1814,0,1,1,1
104,1814,2647,"bat,. on the other sit gratiraitt=t:isiriorcrj.t.le..l"",faalof the brain, and theich native bad . been t'ecrk fed, noiriftt btnnalint (fejitntdsc that rhea clot took *ta.isi it'sliiil?,tt•mumbes,isitiviszirridsege-renflttect,ralls;:tesitihe dectrd •itaael t beent ought not to hive heeelis.a his reiceiritig a liesittg.d,t's stividat o' li noiword. /1;64 reisais,e,carneitiso calla:::e.w. akseikwf, /,.joittunl • . • imetirbit. riekstril bho cilt nick :.bred serer• altnens 4114 ont,'sae he • rgt4ens- al i"" itsat 'ai 'should know them aptiu' *as she freqeently satf=loi.supoosing. the ilaintif had gaged iu•vilusqs before- •treent kati acted *aunt -11pirgrarell=1;"" stred, thati on sunday evenirag site wasi inedsltertble for the conduct end sutwilte deemed",0.4563,43,49,[1813],1819,1819,1818,1,5,5,4
105,1819,2647,"a aiikilvr ii rerong 141.1 mr hr...arm,ei..._ _ , .____,,.._ irne, hir. 1,:v„,„,_ iwo. majahrill 11,11, r. 1.411.1, 1,1 f141.-11.....d...so li~.1 .1sod danger es the as manche...or. bo he was 41111 hjw.:l;.;.1,144...e1i1re..,7.....e....:1,,,:mti..in*,::.7.1:nik.4ts 2.4lroei.da,a..trymiet. istli ,.. lr_•_l,l.11_41:atny.:44;mti.fre,c..:..... apublic__vols.1..1.hip :niger,j.. 6„. fn.., 3....sra. - ...i,e, h.more prowl to &eh'. that the l""""en'ine lay in 11.1 ...ear event.: ..ett. 41 rf4lll nvel-fli ',feels/t. n'afif y..or 4.. m, .. 11. . . ill. ~ .- - . .4"" c majesty's .hip hind and the diodes toonaport, for .i,! shied. of the city magistrates. the greater pert of i.!;.tolesa) isiparinoterlr requeoed olt ste the v.no.t.",0.3925,6,45,[1813],1813,1813,1819,6,6,6,0
106,1809,2194,"a n':'s ,i.' a t,f. nt an'll.l3lll*laofi, inut (4,11,!rtl tiii.,ie. s:i ii.,s;', in a ring,1-kric.i ti.pr, 1'1.1..1.5.al 5,.) a 1:-i%;!: ci.,.icrett t,',.rf q.t., ill a beatitire4-va4e, near - ill.th,. cel,l,:f dr. bil-hzi).the ~,,t4asiur—ii,,,ujeltfit•• tor 51.4 i(e,icititc:“.4 lit.:siti.lit gseiteol.- 1 i '''. ', - ' . - ,rate '• ! • '''! -110 1. ,linil), r.:tri:,l g:a;‘l lilts ftv:i gardc.ii, stable, and coach- .• ''' '"""";""' ""i, l'c 1"".0;,i,'"",;.\.1,,d1c11, .• d, if clnilps'•!lllt, inu n.. ,~.,o,e strottlach ar,..t tiovror: :it,: •th,:przy,,,,ini;•'maftny or ;his ir(yr i 3. i l'oilfirry,',..whieti,tiy.itiv fitniffiti ,ii ,41 ~,,,, :afire rorfrieahhiii'a 5.14 ai. l' par.m!!a;l,l,4ining, cnitahting! ii a",0.2594,18,11,[1813],1813,1805,1805,4,4,4,4
107,1819,2194,"persiangui •pli, and a jour-tai„'; •,iraeoland front india. i o'/englan.d, •iii•.lbl7l. cots-' if,'""tl4 au account of arabia felix, airthis, deserta,_pers4.l,i)4:s°potantia, 'artnetna, asia&c. by littrlenilt.. efiq. 410. frith piates,,l.l. 51.,hnasaritativ-e' ...‘""ra-.lofrltney'l'hf tbonsandt•tq't! kytionh the. eastern .310 we51f.41• tvit (a. •wiililtrictitrßi'int m. birkbecck s'""nor .wl7refts •etlitioa.-,~7.0. los. 6d.•axgßica •ft.,dear'iiptiie. historical,•14t,,,,,•geographical account of the dominions of spain, in thetrrr fletnisphefe,lcottiniental •and i,with•maps.h; ilmatteastis. in 2 vols. aro. i!. is. boards.nara t'llve""tit iiititillney in the interior ofyea off to vers-a fronkt hel /count/yr in the` f 1 sit' and i 817 ; containing an account of the mosti.;„,e,re'ttlik trrainiaimontoeflltord.;araberst*.i) lianbassyito,thevh.f't of pekip, and observations",0.4396,52,31,[1814],1810,1810,1805,5,9,9,14
108,1830,2194,"c"". ' -:.:', . ''' • „,.1''', ;,' • t*.va, -*l# ''fwo x,. ~.rt. 4, it; '4 , va', „, -, - -....e.' '4i4 - lam,'(..--17--7---\.•i'llilll aid* hitfre, 1411p1i,, i[ti 3:16,_,t0jr,,,1 ~,",0.1896,27,31,[1814],1814,1813,1813,16,16,17,17
109,1804,2646,"ha ewa&cat/sst's carolma, sias co:cond.t &&& o & on's lisidalushall'a caaoitest. rug*, •lzwio's boatoe,l.. p.bo ' testers, s vols.tr.* riport.,io4o.viitra'saiiriogssarnt.24toti.doom/owl boos, 1 toilrarsten,evoland, with heads end isiaiiismeat-gaity:4l.dacriattaar, to vain fano.rge rponcnastan.atail limn.aossalesilriliasostcairecaa kool.vg: .untrmila a ntasszoll. . • rl •ol;or••••••••• thsawki..tosit 4143; ,•no7a4.ttes ms; iaow' ,zazcitossi vow 40.115&i**4.0 ag.• 14144-: •tbiiittasa slits-may orlisaikoa oak olloiaso. .;„ •, •%its c.ovoiialoossaol aid svsvzos s ads es . whitisles uluttrattrtc plates, is vols. osoraosso.olitszo s new e -at job. in varloo blatioss.etc aoesfisi barran idea, diatiappianeet, wilt'bbldings.amnon/ ilisalatsa. 44 vats. .son ies woria, toprob.latlm 0114 ask*.coarse raglamt34,6 jots, 4tonovseszl d0ta44.8..s tbatt - •ds.",0.4906,6,32,[1804],1819,1819,1819,0,15,15,15
110,1816,2194,"comparative produce of sonic.of the principal brinicheo• the customs op to pith,1 ,iiktary,'l6l6, produced 11,049,0001 t • up to thesaute date in [MASK], they'tnatle 10,467,0004 theitoust too must recollect, -ulna- sonic deficiencytunst,lnii c taken puree in the latter situ , 41wilig ti,' tll;e..itiiriog of some of thenvartaxes in november,[MASK], and yet the produce of this branch ,up to '[MASK], fair exceeded that of thetreceding or any-foriner year. •'i he exeise hut 'teen more produc-`ti've ; tip t 0,1315., the prinhice was 25,145,0001,tvlivrcas up in .this year it was 26,56'2,00u.—.1:111s is a grt-at excess above the preceding yeitr.. ivhiel; hate,h, 'co",0.4484,35,2,[1813],1810,1811,1816,3,6,5,0
111,1801,2194,"th,ths4t,ite.•`irui'y_lanek;ag lear was performed on saturdlty to a very81. e lear is- certainlyone of. his. itappiest tifforta, at)d . the applause he.receiyetj was ,cominueti aid unhoupdecl.--7—_pmt.,it!vmo 411d:avr,61.1:qhtqa, are also- entittd(i'to-the highest praise, j)a'rtiiiirairi the former, .who-‘eemsto bare it.ildied,:th'erpaivteirli-great,atten—.'t-iitn,-hit,,t we advise iti)n no.c-tp vtimyre agaikuppno unequal a contest as that in which he was en-11).ed 'on saturday nirrht for' nothing- birt.the•rstrong, interposition of, plc tici}r just ice,, ccolltil. ha v eelailled;hitirto.ovfteosnq-ji-drnig)itift wll(>4..ly4tticoo?,pletely, cloatitectin-arnio:us,'whilg.podr4,o# hadopitputting.ol.l ,arrnour, 'as• no..ot4erper.;stn is .roardlii,t,,ai-id it is ratitet;riciiinlous,to\scealmaninnatnrour feneing-nrit,h tt small sword.lifilkni;d c tf4p perfotiti ailueti again; :ave:isl`t is? itbntd do 'it` tnote klabtely carica.• tordcfille'laiiiittpi iittreniel",0.4805,50,41,[1813],1813,1805,1801,12,12,4,0
112,1811,2194,"of late otto practised., by ift, k: fn pen c 1"", y .k!',,,...mv,ll;g!m'7!7,f,fentefirnita1' 4n4/-, 131' 01'1$v./...!/,'he :thillalfq...clit.),vel?,,z r'oirriyaing111:47ssiy's 1 r.. 1 \si ori s art 117 a.f*witkei4.3,,,ol?lot „dn.? pir4l.); cs s ,(yif. iffi,,vecbortrgke .n,lice;',ltg(itlyy,itrilft be5,r50.• ett tbia.mfei,,yip,f,s4gtoe b s.rertive tepria? si.aod, 'real ,trieb such l'a.nrs 4s may bet.. 4 ,;(. , "" (rt,:i.ablg to cubtrall or vilt (1 a 1.1,1 pwar' in si cknidnq l a),:,;;ar;,-s'i.r monthi certed 4144444 .jit febrkao. 1)14 z; •':nu tertdar, 74 hi ek, ovnlytyl:. ,c ,t,aqy lostati dip;nl r ).er.;na& aitzll4. 4044 must be acciniarilidjl9l .t.,e;terj,,;?r tworeiretestareißrav.i,:4itki4 bpi4-44916iinifertca ing in !,4e4l""triool. jar the due .perp.rmance",0.4117,56,33,[1813],1813,1805,1805,2,2,6,6
113,1816,2194,"to 3lsoatsi.—tliarsdaj., may 36. , a15s 0,1 to 301old ditto . l to--7 s —s 04pease —a od toale —3 to —6 odnetvgate ano leatstnhallbe eibev( n 4d to 4sy ili cyit v,:a.!rcase. 4l oil to 55 4dninon •3tsdto 41 sit purk 3, 4,1 to 4y id• lamb, 5.. 4d. to 7s. o&t. james's nat market, 1c.:k.1. 1,4 .4hay • 31 i 4 od. to 61 5s uti---as...risge,•strlio od 21 11s ud--,aviruge, ""wiiitechapelhay ' at as 04 to si18s 04 to.21clover 6l si 04 toay ni aft5i ori—=averagr, 41 14'4tisol—avciiii4e, 61 03price of le. tlfelt. •butts, 50 tri eachditto,'s6 to",0.4825,50,56,[1851],1812,1822,1822,35,4,6,6
114,1822,2647,"mow to dog moselatelliumll wished to know whether we' ilititatioiwas to he isis .ft me resew stets ?. •lord .pallblf said the 'spasm was disthdelkod, list die isfthirdarese sit di ri sished. it was galenathat is (stare oat, oft child shield lie reesived for(""7 ewe seed tie 004 ftelshiti was. eeldated to ithe leselsmos was agreed ' •on ,a llorolediew he gaieties the seat of 1/4411111.• lbthe coospftsloiste mo.mr. numb wished to knew if any esaselsedieitwas to mho piste as to pushes gives to. ollestems-der the plea of havisg hoes wounded /• weir hastedttekressiose were om. to nes who nem",0.4016,15,45,[1819],1819,1819,1819,3,3,3,3
115,1805,2646,"i%ftroat'an: an:! of c:aldr/..4 tol pout!,as hr as co-! pramiplas of 11r.lilionprint, 41 f f. c. aok: 1. it no. hz ctan...:;t-vard, awl 11.aehara, no. t ) p!,•laai!ht; oteivaai.cativo, for his work mar alaraiaj, and win 11..r0y be hadvolumes one and i•wn, price in nun!, 174. or .11. y a rr her, f.al.t•rarely at ts. curl ; alio mrs. .1 rimmer's :an ia:ment of ,he szri?•tore hatory, scrirtare catcclnfm. and oth..r wo.r:4g.n. b. t:iv 2 tit number. hying the ift of the 4th vautiie, wllpl1,1:11x:1 on the sit of tl.t, loan, pix sspt: .i.y ---in one very thief: and cioftiv",0.4673,15,51,[1801],1805,1805,1803,4,0,0,2
116,1821,2647,"titctilkgsr in-d4t m0t,44 va,m,,tt„itti. .• . •: it.army (i)ni'ilats. ,i —.—p. lirlindo geoff, to be ditto--11. joais, gent. to ~..commitseridt devartme4t. trritinii‘u clettteh.lnedif. rmorl far i)::•awins:_. .111 a / ?..::,-. ,-,..... ,_., •► r tr, tlort.• l'1.•1• i1i•-a' • .- •• irs .• aa.a. • ~...• a ii....—t-- • '",0.4299,48,46,[1814],1813,1813,1813,7,8,8,8
117,1821,2647,"....., per 'oita 6 ri:ilt. only the hat of mr. leigh that had baen struck, antmefeety's lead fortes in caateatnents. quarters mad ""';...71,11:"":.r"" not his person ; and, therefore, in point of law, no as-serreetts. in the saderwenthieed counties and islands : sirr.i. d:laacsart. barclay and cs. • i9 0 illevill sod tustin. net ms 17•cuta. by kir. george crisitvhink. tit -l. bab-pooh v r 44e1.-i, brldee.at r ref m w erper . - -il hisunit had been committed! mr. leigh had been be-aiderso keel. (luehodiog tubery my..... ........., • a j. il, t. per di.iss (a) irodlerd. • fort)",0.4684,1,40,[1819],1819,1819,1819,2,2,2,2
118,1813,2194,"catholic follow-subjeet,, and re- .11er..itilinniorres,ne- j.‘t'illiants,cltiehester 'lo 0lief from every disanilfty, as it may erect 'either their feellng4 thee broughton. 8. 3 lewis alsoplliiig,rlitil_.:sdtrvtyaerttls, guild- 5 5or tinir iu,...!i]est.., cans +t toils the scent its of the cousti- b. ii....tution in choral end state. • ~., ' • .10 10• itortteed—'n,4t as the several reliefs feton disabilities, ex- 1 3.l,l4'.i:lii;:),(;:sylt‘lllgitlalst,tnpavitrlytnr. 1051 i°9o c, g„..elchils nii 21 0~ . , . ~tenr.e.l fro.' time to tittle to tuts oescription of our fellow- i serjeants& middleton 10.10'selijects by the libertlity of 'the legishittire, tinder the must i gel:ort autitio. wur-, llloll,l,l4.firider .",0.4288,38,9,[1814],1813,1813,1813,1,0,0,0
119,1814,2647,"the ! was necessary that the plaintiff should have had ,'ielength of time the letter had been coming, amid notice. the half-pay was not assignable, wefts,that he accepted of the conditions j but trusted the defect of notice, it was ordered that the ralf beto the honour of the defendant, grimy) that in- made absolute. the. defendant is therefore liabiptestead of 101. he would deduct 201. from the sum to 'be retaken, and placed in the same, state of teemsbe by him, the plaintiff, paid. the defendant, . don as he was before he was discharged,ktr, ilie-lords' act. . le:green,",0.4563,48,11,[1810],1811,1809,1809,4,3,5,5
120,1820,2646,"cilia,- niriy. in septentbsr•' postssce„ , jae. 20.4—a greaanoraeses have tpiehed.uy on qat_4earli near the• i. h &wag these 1,,digs past, by -a it is ikaked.that 42tue. vend has 'latelysessadered dif that.** at de , e elan. ` ' ,'"" .. ~ ..~ 4tiniseersi, homier es.-wind wissiti...-arrieed the911512 t lorbet,.lrldr a sail from lishoo.' in seven.days ;bane packet, with a mall icons the inplaplislantiss;sailed.fr-at. llamas% filth december; leek'paffierta,wena sinywith leis cd. 'mils _ and ' bulwarks,. forgot flak' ilotrik 1141'4lesity.-i-atrived off this.pott the harsneny, boom grew, ;jotaitlialid for poole, witkioss at jib-boom, sails, ste. sail lath,pettinsierrir, harlan t iii..-visid s.s.w.-:astieed",0.4742,23,51,[1805],1814,1814,1814,15,6,6,6
121,1804,2194,"ajesty, no. tor, newgate-street, begs leave to :.acquaint the nobility and public, that' he has now on sale atarge assortittertfof welch, salisbury, and other flannels,.vv hte and cyl•nited hai4es, linseys,4ldd serges, ;or inn :king c loths, white and scarlet bath coating.. ands wansk illparticularly a white flannel. of very curious mannladurefor (;eitleirien's u,ider-wai'stcoats, shirta &c. with a, va,.illier-°i-b""`,.le' ft nuittls • also thiek green and light-blue_ealiorteir..,.n.n•,..7-,r,ici.,,,a, dociirs, ',tic. plain and bordere(qn(rielte:satist.,,,,' 1,,.a. ' ..,!tl(t siorterl-f lannels fordressin,g ~, .lik.,,:4.lyarinels, plain aull piinted for peiusses, &c.t.,.,,p5-tci%ser•eaj nine times dyed.11tue flannel stoe4ingi,universally ;.,,,,,.rot soet“, cat' les which have.so }ashy anddinary ellica„s-,:,"":0 the",0.4798,52,32,[1808],1812,1813,1802,4,8,9,2
122,1814,2646,"lillw . fro* :iiiii7ol , dillwerful qualttr-ef ibiairtilk: fully wallseettlris • itaiinbilherasaseehsteeiwbo harpkipp's, d.d. f.r.s. estd.w_ •„ •=:. .* • 411,„10411.4414twdr.1~4b4,11 awlirrww*ll4l4.9a-. printatipttcdee aims*, /esti, tsbittlto diked to the ifilieteti, wu itaisiqamh,.::.: .: . . .printed for f:c.2a6o. itariagtrifii ar.'.otm!e.thtifloi?,;9( turallsecita s, are the bat rem for colder, slid isithies, *len- arid recommended as a cute for tbt ' templalass. sibrdboloidh sitd .ratan,,at 1a:l4'w , dor 04 . &rank; . .c.,4**, • .4.#l4pdhoi„ ~,tturttsodi,:ablritiistirdits:otatillined bj • liatepisallon. soil wholesale wad r at 13 's, 4 , vbealside; corner thf costat+ dr el; pon elsdra-•j. crtiryarciar co-. n and dadra. 00111;1'11403;",0.2704,31,23,[1804],1813,1813,1814,10,1,1,0
123,1812,2647,"more ',pries- t pre'""eldnthes of this city tei pardameut. • ' i • that cdr. aldetmai atkins. from his, long on.lextetuive eosshipping, and trading ennt•erns ofwye to the lisatiser trade ryas twice 114 a 11111,1114 a 04/.l)unp•i.' -?ital we do roast rordialis recontincad him cosine warm sup- 1. r.eri'l!re in 110' ymelneri i i,(low nt t glinicille orittaill,t.ta at le l p.er lb'. was mk, when rperreofttii flrother liyerynseu i unditimi a.: ""rip, talk trial4,l ..111gs (lei* from his act nowledged 'silents, nud shoo his *rigid,the mai torpt dernerntelt-ehlerly •1,46, ilrf ham. inside, itil lof oat paw cr, use our",0.3467,40,33,[1814],1813,1819,1819,2,1,7,7
124,1808,2194,"paid for by mlle, pgahle, witb bee, est, itinefy,< •<. ..•_ . . • • ,dirt,, differ 'date. ! . , , . ...'^7lte'condition'td. the contr.ln, in 'z cb t.otne mew regolallnihave been inti:oduced„ nay be irk at ihe sicirgati,':l ogre.-n, „ n, ~ , „ ,; jfor 1 f • . bi iv n. -ao:i &wet-, will be aant.t,;-_ .a, ass quanti?) t_a4.i • ten tbatisapd gallons . , . .no.regardlviiibe bad .i•o any tender in vfble./.., the price and!. itin be iir.!ei'iid in 'l4.:o)dr at lenktb, or that tball ...?9i be delit4fe.ti-rj; the blitihelotr one d.c.oe.t•un ta• i.lld",0.4137,60,52,[1813],1813,1813,1805,5,5,5,3
125,1819,2194,"....,,otra.bly below their cost priceptttit .kik, itt .fliteno new year's gift.tanhilittem 'lg (4 a nel, year naturally excitestyts.aitildsois of profound gratitude from messrs. row-kei°4l44()ll„ f' s°le proprietors of the genuine ma-liti,,p. ft 1 tlise, the unparalleled patronage with which ah:<%,: tirt,„p:ll,l; plibik has honoured that admired ar-k04,1%4 ti pre,,,,:.. 111 promoting. the gr<rwth of hair, brauti-di4,!ri,,,i‘olllg it from ramie}, to old ai4e, are nowtft'e,,,i,'.%a ,z,: ot th..: habitable globe. to parents ands:too ,1:!.. 1,,~re. 4ccptable present to abose under their th:1113, 'oeh ,',1.411th. so far as concerns the preserva.tioniti,.1t„.requi,'y'y nue admires—personal beauty. it is es-tt,,t lalario,:t."" in porehasio..,,, the above",0.4736,33,54,[1845],1844,1844,1845,26,25,25,26
126,1814,2646,"• .'''s. ass r 7. • i -a"" - s 1 e - primed paticulara may inc hid at the ,:iii maven.* chnelbrrel.unite. twenry pans . • •itaiiews iworgis • • . •.. 19 anlinua• ' • divine got sidnesc, and dilly cnasi er.ing; that :he gradhave. we devntid eve pitig 4, • • .. . , ~in sot:tern ton.bullsar .4 a'..nti.,•aill •in messrs. carr *.iii-i liensit,rive treatment • 10. that on these general grounds this meeting most seal- „ ,p, tt ' '.l c. telt w. ._, , in,.l public blessings of peace •do call for public and.•.__._ this4y",0.4304,43,4,[1814],1814,1814,1814,0,0,0,0
127,1812,2646,"ibk .14*clsw venders is in: :latie ft. ittte.oh. ' ' •_• ovi.stomati medkint.,.. ' 'gabs 7ra—te mr. ;;assts orem illeatinwiseemasmie. 'mr. .hgnr i( pratt, 4aildevesphint, wooaftlicted fifteen months with' the itiseiona;ic .e.out, milafter winger tre.y considerable expente, andob•ai;tetl retry rofiscal assistance vim's/ices:as c-- s•ors part tat 4 strtissas4ol-- of assisting kavolf, came by a e 5...« , *rhino kimaarramuch reketedlhat ail pain crash; befott be left mt.outiet, andnalsd withostratsistance to walworth, and coulillietwilledall the tittle 'and ilsit soundly for the first li n* 1:1 aunt mirist;be oak ttseitliree bottles of tirectsion ea vain vois ifecti.he is now freed torn i",0.4855,34,11,[1803],1803,1801,1814,9,9,11,2
128,1813,2194,"teas a !vatic eof the island of tikyet all v.„...---"",,.;tif`i,, 1' lit':art of hi 4 earl-,7 life in the !sq., ~,,,,-^ or 11,--- . ar----,' ? to•af ott'''. -.'''l,11.1(11-1 wat.eii at london 10.11)01', 400 ~./~a-, 4( ,' .. - - vii(torhing, 21 ntiwutes after 3. i 14""""''''' '",0.3456,25,57,[1814],1814,1813,1813,1,1,0,0
129,1827,2194,"usse utmostneeha most ade3tlt4is been ,i;eoiste!access soil! ofex-t to this; coutry,ie propriet tb y of rais-ieftph pulhis contri6tition.ithe sanction ofolcti spo, tonaiople, we,blic-spiritcd gentic-•r: charles standi4lf):10he 1,103' ofl rectory, w-c of,churelt,,s toy qw 0ilatetug titer 1, tr' 3l 11standis., f so!.county °.11fsateb`q,illptain j. tioiza joh"""", 'co°4ndingin '7l°lllioreestershire,,lllf!., esq., agedkensington,muel potts,00/irs. way, agof austin-frisf*s. m. e. spiefilf1,44orfolk, after ans sfor manyon his rosdbombay, 'esil• of soung, at o. iwand.ist. r....<1;t;1. s. d• 'ls' ;315 0 ditpolt 60 ' n i'l3 15 0-iro 6 0vti0 13 ()--ty0 20 "" air (1,op,0 15 0— gf_j_iro'oo rguttf2d• ••••'''<.l*d. s. (1. ttos-dii."" 660 i32 0",0.4766,21,5,[1807],1811,1805,1805,20,16,22,22
130,1821,2647,"o hes ,u'd hier!' li' idt thtne`ant wi w-ane who did imrliatiffilit"" . and, farther, a ore/ ant ... 'the expected' rt to al 1 eseryst,matiftrao. 4.„...... • •ithsatepoilitineriamitit wohiiighisf7ye-7.iier bewail, gum.*it 4 .4 - , 11•ratira him! )witiliceakisd nalrpatise.lt il ss*.) sras.mrs.,cbsule's roosisi moll ' ail"".thf 1111040 isif ma, *use my is sidi 'oselek de ike knit""' mill :cairn ler , ways,. oft as illldd dee is weir lir -pinned sessatestioa 6 and tewww*l66 thebed. sunda, by the warren hastings. arrived frolll oak, 2: gepoitioce4oveaesse7iss.""lmathdoeitomatiitodas**sreak,inebiehl**.e.6l***6.,...„___e......2l4olsiaaj""1 esav a' iitarsfettiittitiliali,',. 4 sill* y il4st et: aideill is. diettibv iitiln.1 •""- -",0.3677,28,35,[1814],1819,1819,1822,7,2,2,1
131,1804,2646,"arable, mao irmimand iunauna 7or it 1,., with an ...thy ,l,, haoaa„dy acing •c-..a dir gto t..!. ins, unions of woe i' ito hiscommon it reou. k 4 with a dry (curt/ •er•2s,-• in fli'..~. the pal: tamt w ..u.liand, whereat twenty awes is coppiceman legion, of which general dim rated to the curt of vrneresr coolpt.int.. sacs livtre ;i:cid:nth* cal humour, accoutpae1•wilco ow applied far the r-ii..te, r .a j'e.'i '''."".'farm i. it tu vidiiiri. loves, as tenant at will, for threatened fullocatim. woods mr n longworthy•. ~..ic, of regiment, in ti e roe t,•ect of iron(' o in",0.4703,63,44,[1803],1803,1803,1815,1,1,1,11
132,1813,2647,"b- v vt.'' ~ i i•e 'clreailitl4't4 ...7w*.s: - 'br• r‘ -, 11l 'ii*: igks-7•4, • .44-t""..1 ' -;i4 wilostahate •-4 'th tl ti. ' "" / ill g' ""1.! tresn i'' '• ` *•p,,...4.1 *asthe er-megn ..,..,, ay flro . aftk'r- v mai as ' w ilittun .ralidell ciekb f .in tikt 1:n o •viee •qedekt *40,4,5,„,,,,,,-w,...,,,,,,„ .., ' • i.iir,,ine.,,,ar .„ 1! ' 'usn 00101,11 i. • ...•te john call ft ;'. •• - • 11, a 4d ditto. ikosesont uoilt .060i-bait*.eidasvls i ' v t . 'ow 404.,1..my a—a ', .. .t...., ns ~,, ;r4 41 '.",0.2387,49,52,[1814],1814,1813,1813,1,1,0,0
133,1803,2194,"l ltemarks atul atlet.ticktesof the sex • and will att)rd a resuonable iluire, of ivniuhenilltit:somc ut.tbc anecdotes mc intlwg -and tehltia with s,aotlititler.able tic,tree of nivit;:ity atidititere4t.""-.43rtttsli ctilu, nc:vcia-bcf , • • •",0.4721,38,3,[1814],1810,1813,1813,11,7,10,10
134,1808,2194,"[MASK] andisoy, pric,e, ;es. 411:-per vot in board', onde.llishect with•pott,',,lts: • • - 'i. v • j 1.1tititviils,con pt:ese:nt statecquwraif.s.lie •• •0 ay ryas pti , •.a new. volume, being the sixth. prl e'ss. in boards, inns-' '• trated with numerous '°dern, necent, and' con` empo-it a rn° v() ya (.; fs tntt travels, conhistitigolt.onstations of wo:ks.•iint-ta?tnrc t raosi telt, of originalwairk.a: printed imin the .4.irtings' mss. and of a (""aly.its ofpew voyages and tr:nets vvtilat have appearod in lagltul,• the volunie,coutains•:..t.4.-iln,l4o's.travels in the two loui4ianas and 'milk ad.joining :rovinces, in tgot, 18oz, :tad 0-03.2. sartyseliew's 'voyage in the frozen",0.4206,44,1,[1810],1801,1805,1805,2,7,3,3
135,1822,2647,"ts re. ..~..• 74, -.. . ..t 46.. . 4 ... it „.s, ~. ,1.. j. i., 1..:4::.. 140 'r .use's ' .jilt30,int•is”,i.._ • appirliarittm,e,gy--- •-•.••_1, ,new-r• ali . ,-•,. . •. • . . . ,,41. no ibr rav as 0s de e am* ivrma or 0. .1,- l.. u. _. • • an pince,_..• • --l--itii4s.' . . i 111•cin ay. nay's.* ha i 4'....i ' • - .......,_' • ' ''• • ;tad i.n clilltlowrollt. vi '1'11°•""14 '` i '_. ittitiet/lateelet rieltirkassabloblettillat. sas rategiog pr000selowel; olitfia artiinsi •.....,___ ..otztabli sr it 4 mu , ipusgmir glaired-smet. -",0.2581,31,36,[1814],1814,1814,1813,8,8,8,9
136,1811,2194,"1315 3‘,;1,0 .11 11.):10ancl..rew.s;itrev.t; sxven orals, ,11,, lidiw:i,the; . sign of the yorhsliire g41,,,ito ,[,tow's;street, 'l'lie iierclit vvits 3e'""l'll'oweoga ,deceased 1110 wil4 go iiiitustriott,i joiorer,t:,the infint .had been taeti to iit'ti,,, ~,5 i°'''side it viiiiiw6iiii, ,811c.',r5 lk blitotriled. .~.....--.~ „ .4smi tw.fieli) tflei',o:',ii„,r,,,c,4o,,this day's marl(et hod 0 tilt y, dl ii; ','''',jof elie ditr3ient.l;iolls of cillid; id it 101t,11, i) wi •ir40(11, motton, plls, ;,ind 1401:;,,,,,,(r n,~,,,;and the trade in irrterat ‘,, jai ii ),. veil i 1'1,'4itileit,in pie ilay ivl,lrkurt wer4 tvotttlf.o4clover- hove tirt.wirac: in vilt;',l j, 0010price..—.:ftv, fjito4ii)4. iatioi 0 , : iaccurate oat eitieto :---.., i ,ove",0.4264,34,10,[1813],1813,1813,1811,2,2,2,0
137,1811,2646,"public conveyance on tho werth ana,jsunday lw there was a severe storm of wind and ----,lasicia.br ear oboe.rain at port patrick. the brig economist, of marport, laden with bullocks and swine, and bound to ,english port, was nearly lost opposite the mullgalloway. it was with the utmost exertion and slit.culty that she reached the harbour of port patrickand on the very entrance she grazed those frightfulsunken rocks which have dashed so many vessels t'pieces. she has lost her fore-top-gallant-mast, andhis sustained much injury in her rigging. - •wednesday se'nnight, a brig was observed in oke,-,1tress between portreaals and hayle. about",0.4393,55,2,[1821],1821,1821,1810,10,10,10,1
138,1814,2647,"*junes said t • that theecit was ow-*fitly a fritidulent one, as by 'the asiigament(whicb was nnly signitd: by. three 'credlie !:--4ititouitstwhtim the pliiiitiffli lamb •dild nill nit r-), it. wasitaintended to deprive. dllatiiit of a'tett . idvatittigewhich he had preiidusly"" cibtnintid,' end ..ifhtch 116vantate was on the'pollif 01 ' being 'fellota up by. as• ,vocation. . ., vitidtct.for the philntpff. . .-1iv--9.-..'sq- lie fv, -' . 1.1) `-gyp, si 7r. _'l eint•-,re ,,~"" ..., .,ren*- nil le :r 1 . n -1; tl i • • • %pia 101n.1• 111*-esaellourin-sr opti.-64t. gado, ,0iw01i.,..,iti recenttli ski capt ail vs clork",0.4678,39,32,[1814],1813,1810,1814,0,1,4,0
139,1819,2194,".:,,, !„ as. to &frit)! a com-post state of italy,ofiii,i,:relltat„,!ng""gcil in colleciing materials at periodti'''. ,""elatii 1,..e, crease but what ,mr. enstace.did myt lire troil'lllqt a'r'w4'7.!,sir richard colt 11aarebeexecaurteeedtaaii:lte/toiit. p i . un.t. at, it is ho red, will be at once ..kllsilit'l'e •, •to't,,,..ct., „ •. gratifying. genius, and lit affection.tts z14,4,6'., tribute of respect to histo ti. numyus frient,is or lb:lr.i'll y:f!te.l for j. num.mao,,j9,'lnt!gatc-strect•g41ita , of whom also may he 116 c '. 'lilt je ' .1.1)11r. t • .- svo price in boards,:sir _.1v;:i , . , ...au ... . •""1lei'lli''ll°°l,' 4..s'ir it .c. flo'are's tour",0.4117,38,25,[1813],1815,1815,1815,6,4,4,4
140,1807,2194,"chet 1.10, foe ibt..tory, natural and civil,- and anriquitieli,'.l4l24ll6 eldirtiliiqrisof the itajalt or mysore; ailti this countries acquired by thehouttrabac- ,liast. india a...*unipany, „it): e [at termerwa l rs, :roni'illebo slate-inn. lik 'fertiaath e andi-irdelisttuit, m,; d. ^aanalif..,s .a . leittioto qt om 4nkilitie, isocicu ox., 4441.u nut, arid itt the medical service,-ut vie lionouraole coln-pany, on the bengal establistintitstraltdiliathed linter theatltlntitv and fats onagenf ow iinuotfunle the diretiors oflira 1,,13t. i6t144.. coutpitoy, l i.a.pitly primal in -rote,: rola.410- 414iktr-acti q a kip, irtitt 11113141041.301.ht,tr 1,. kettv-.. .lo:-,',,, pin: ',45.1044,tria59( on large pmier, price sl. 9s.in 4fu.o44;''' '47'-'-• . 4.",0.4488,63,33,[1813],1811,1803,1801,6,4,4,6
141,1804,2646,"de basesof uhtulaing 1' ion, idealise», are scoessinted that they maybe procured by an early application, at the offices, the corner-ofreek buildings, cut the gate of the king'. mews,thither cr+. of richardson. goo di.cck, and comk .'ay wee peidlemd•liandfonialy printed i.. ma.vokone.dßaveoritot in been& le att.inate.t.4 es tin. ltoy al hislotto the oaks of cambridge,,--- ------ ----:----=----'-' i 'he yellow 04 eontagiour, fevers. imluenea, qixtzen 'eitaion3 (aar! tetl from the workea &e. ke. an banenllately relieved, and fpecilily rated, by t, of ...r fufht itevertud fathom in geol. william liii.ve.that invaluable and bog experienced metticinc. lir. james'. *.'.iix:f, d.d. fusi",0.4735,54,10,[1801],1803,1812,1806,3,1,8,2
142,1815,2194,"dutch frigate1 una y!, yge r. scerge, captain vo.scir.it ny poort,ifrom t)ie. texel to batavia, with troops : she is in1 a leakfstate.—wind n. b. ,itsmsoftrs, nov.. 3.—lint in here the driei druga, captain vandeitmay, from london fori i.otterdam, with loss of anchor and cable.—a! .'mr., has been picked up by the deal and rams--1 gate boats, upset at sea, and brought on tire south.shore, between deal and sandwich ; her nameand the finality of her cargo unknown.bull, nov. 2.—the betsey and janet, johnmackie. master. train grangemouth for london,with coals, was lost on the night of the 29th nit.near north",0.4775,30,29,[1810],1817,1810,1815,5,2,5,0
143,1804,2646,"in his room on board the green•land ihip?""lord et.i.i.4iorough."" if his pace be fttp-plie.t, their i, no occofiriti to rcleale this man. ifhe be relented, the elemp:itut will he ettemied topoe shore perfon than the greenland foils is emit-led to. they will imprets him again as loon a,he is dikharged, if this be the get ; and b.,- grrnt•ing the writ we wall do what is unprodudive and du.galory.""11., a rrcby ha .7.,!brad,utc, • •,i•ihur.•!i: a.,.i 17. ed 3. rainfc1.4m11,1. in one oet .•n, ;•in i,-'3rd..e!. .enients •.1 i;eoni !t). ; r •nt.iningi irlt lioe, euclid: wllla • le, i.i•",0.4806,35,36,[1805],1805,1805,1805,1,1,1,1
144,1818,2647,"114/t"" • • •-i'he4444.1""654142141""""•-•''..i"".• 1 the4 ' $ milet""'"".4ll f... 141 - re , ""% - tabil 'le .1 dirties 'mi . ireids imported iit'the•sante r0 fg,iiw. ws- willie*, 'bo+ be 11141""ted to 0,0101,1 lr e4t.,71'1411 fte•••!e3.l•' okt ••• •• • ... •-•%;:•••4901 -""-.111,_ iv'. .12 _lt _.:‘,"" -"""" • • rift( *ph aft/.pr to pereditfs. heiltioi , eire of ffreoterielte fee noeitti. • , ' • * ... -**, 5 4'n - "" ---- * • •‘• • -""e•m'ett 1,1414 ""'am ""180,441!""( ao bet wase• that of iiisan'.... ""np '4,7""'50 eirlariitipe2.14411a4akiltel' 'cipit 1fr4911410t 4101f.nt#401011 bgifl/1044e0 bravleelit, the. .10 •:...µe'.:('",0.4773,15,17,[1814],1814,1814,1814,4,4,4,4
145,1811,2646,"which is, it thesame time, fandliar and correct t' the stile is perspicuous, and thedialogue is' net alai and unemberramed.""—moolll. rkt. july [MASK].„ •. this day was itublithel,4,,alkith 50 dagrar fngi; finely catotlred anoi renunud, withitigtve letter-pram to tads, kalftbetritl, piga& *as,.by thomas daniell, r. a. and. •' • • willaamda.niell,a.printed for longman, i-hint, rees, orae, and brown, peter-nnstenfow ; and daniell, no; 9, cinvelano•orset,n :• ; :e,tuint.tbe micitisfs.osliery., s 4, di-or bstv+stcr!t. • •jlthis day wet puhliitted, • • , .in bro. witb env-awing', lay stewart ,price 151,1 n 'wants,n inquiry into the intejeessbina'iv rein rekairing injuries of the",0.4659,15,31,[1807],1801,1806,1801,4,10,5,10
146,1817,2194,"v,ci. sit!i;,.:ti7t.t.i'4,';‘ll,ll6 '.ra"":::l'i, -v,llt*, 1.,41%1!:.,te.: of c totict a''''-' t.st:cretary stt wtt,.~-~~,w.r.pio. iji:0,0act., ,t, ~ bls hotistoire thvailiiatree.ti.;~-„,.. i, ' • . ,v,,,, winct.ioaci, cid,..,t 0 f,.„..„...„:, . .... -.2 ~, che„,,,i,k, .. h, ot ,ti/ 4...„ . '""!ttr.jy 144,, at 105 f.ittle,: ,itiotp:.!s'nt.y, ilt the 4 iit year a his a4l,'ti m ‘ll etri. ----'—`----------' r; of ;4'l,1.?:::'""n printra 1,,, ,1..11, gatista4 ' vod iao 10 0__ll7ld.stresit, caoovt.s.4l,prei ~ . ttett• ~,•?'lirri.. ~f n '• suoti glt""ces i ervcryl0.1 . n.; sty aprit a, ~ ‘,. 111. .sti : tvl)oe "" orsi-'/atter!, tt44. t-(pos d; niuit be a•: route",0.3313,31,54,[1813],1813,1813,1805,4,4,4,12
147,1817,2194,"tonon-commissioned officers and soldiers, free of expellee, iiapplicable exclusively to !aiwa intends:44ot the persons towhom they are addressed? acid that no explanation which urt4be offered for an abuse of this privilege, which is attachedexclusively to the said non-commissioned officers and soldiera,will be deemed satisfactury, or will in the leatit degree ex-culpate -tiny officer who 'may- diiectly or indirectly aid, orconnive:at such deviation frem the true intention and spiritin which this hoots has been granted to soldiers, and that anynoti.connuitsioned officer or soldier who shall present to .his'officers letter, yo he reudeted freeof poatagv, which ii not hie01%1,, will be guilty",0.4113,36,34,[1810],1810,1810,1809,7,7,7,8
148,1813,2647,"at plabburgplates %desleek finn*4allierf6tore;11. :o.f.♦' -"";notwithstandingthe peat increaseloners iu norman crossingly. healthy, and• treated withdiligence consistent pith their secinare stow '01044 '.4?„.ettend . the salmalls of 0011008 11140,111 iti,4411seenuficturet earl, for thlinliiilt4„,them; a' l'ong' teat fi erected yewhere these curiosities ire attractuthe numerous visitersi who havethrough the suminifeit 4be amount601. i..week.wa l ili 110 ma 11111:4111. • 111114011 ids:.rainer, lost 9t,too ""tiles lei s!vb#o.lo4.terriay, on' tenter *tar **lptdi'kent. an account recekied last trigliti-mentleite,th-he performed iseurstarwhen he eou:10 profeml,kferther:very unfa'vourable...a......::the tinceinshirelfetalssv whoturday:iennight• fora:wager of 5,43 miles is 'hie:39 .for '42 sudcasstio,dayf,pleted his task on wednesday eveniosi•aboutwitt fromlitelm owbrey.l!00g*iitc* the goirmnateet int",0.2875,43,41,[1813],1814,1814,1814,0,1,1,1
149,1814,2644,"loverstrawhay ..wiiitecha i' loverhay..smithfield c it verstrawcoal market. .rips sold. at per clial4roti of .iii tuoilleta, pool wenn,.ships at hlarket. •111116soh1. .. 4. a. a .u•ndatr. oct. 10 .. , ia: ,ti&wcaatle.. 11.7 . from b 4 6ani $i 17 cuo.ter•anii. ino stooit coal 00 ciotti-ft.... o0 culla , 0 - n354 newcast i t• ..} vo4 sontlerlatal. 311o welch coal 0 - - nd 1 cinciera.... on i ttrtoch coat. o.4i 1 newcastle.. 15; .. 41 a6o 60,1 .••• aof. 1‘s,li!e.:iderbr(i 741.1'ti.. . ..... 0 a.7. 01• 0 i calm o - 0a i cindery .... 1 012..friday, l4126.advance",0.4796,2,9,[1852],1822,1822,1819,38,8,8,5
150,1810,2194,"and proceeding's°the t‘torthern, in a :regular consecution localities of .each shire will be'given in eight sectigns,; the first willtreat'ol its naine* ; the second airs sitdatiort dri'dixrdrit.; ihethird of its naturnt objects; the 4th,cif...r.s.anstquities ;fifth_ of .its eatablishrnent, as, a shire; the si xtn f of ils civilhistory ;"" i jue seventh, of its agriculture -and ii-adfz; and theorris vetlesiastical 'lllstdry'. i.'`under 'those 'severra 11 ,-ads, will, perhaps, fi:iurtt* rwhatergr is new .and• i nte rf s t 714°.firt the =v i►ous< rces of. asttlratie,.docuinents:i •walk rt's.ipi4!.)n•otn c i n.g, d i c-rion,a;ily,""stcteqtypect,,rfrtoete ir. 3vo. ,tint lldy •.ig one 13ite",0.4643,52,32,[1801],1810,1810,1801,9,0,0,9
151,1822,2647,"betweenstwty arid seventy, havibg become chargeable to that pa-rish, the prisoner 'proposed that isis first wife should livein the same house as the second, and be would becomethe partner of each on alternate nights. she rejectedthis pitrpositlon, sad stated her case to the parish. whenso resource was left bat to prosecute the prisoner.ann wilks, the prisoner's nest wife. deposed thithermaiden name is adams, and that, ea the second ofmarch, [MASK], she was married to the prisoner, in the parrich church of st. mary magdalen, oxford. solomonwilke; the prisoner's brother, was preoent,as also jamestahiti, the parish clerk. salerno° wilke was now",0.3626,24,54,[1865],1850,1850,1850,43,28,28,28
152,1820,2647,"itbolttoldibat',' r thine car"" • that emef. he did el°l1,..ossoodeyof elmog birocum formoo banoomor,ofhar .. . . this &alm& and thong* heaves alculides moan •thee to hints lieother demthinen, as att of - ail rii varna ""ft he elfs°, • 7the maintmatteeento pew, were ehjeehbewmeh would ad to his present majemy, as sok@he nsestsonlinlivbe aelltuelailfed 11% 021•irlaria te lte t impotaat esulaltave hoendesewlthsatthila sortoortibit 116.1.1 t; ltsolinabs mg, ii7rteimmeenessete lilt""' wiry* .. l._ a.• of pee) . w• -nod! ind oh& he wasted t plan wideb operatios. they who knew the d ipe tiiii of list sore. jodisktos observed* mme",0.2673,44,33,[1856],1819,1819,1822,36,1,1,2
153,1813,2647,"simple, mut has never proved un-successful in the course of a long, laborious. mid much emended()flicker. lii she most obstinate nod complicnted eases of ve- inereal infection, stieh as ohornini,ies in the uretiow.'iliturgy et-ereseenres, hard humours, cailvus ulcers. ersiptients 'noisedwmikneso, glees'', us alsost a 1 c-tu res, . . .whether' recent or of long duration, and which have balled theskill of other practionen, arr. ty their present improved plowof treatment, ereetwally and oruutitesitly cured. without shepatient suffering • se etoroceit(ngpoin mut +darning honsorrarigswhich freqiielitly follows the epistle/tam of the lunar caustic.is, the coup{ of illeelliv years eetnisive prnenhe iii this",0.4382,54,51,[1801],1810,1810,1810,12,3,3,3
154,1820,2194,"king, to proceed in the exe- side, langton; and messrs. beran and britten, bristol, the latter place for leghorn, in order to convey r! -•::'*1. ec 1 ,;',.1 . welker, jun. axbridge, somersetshire, coii4iiioii brewer,jo' ! ' 7-------- ' cution of their respective offices. quieco to this country, she, declining a jot;1.11, , '.:7'i,feb. 1 1, is, and nl:irch 18, at eleven, at the white hart liin,. .at cross, compton bishop. solicitors, mr. giles, blaehford, across the continent—(//,,id.) --•ssi,s•,• ~,irs_,,, sta,ttona rn office, jan. 27, 1'420. where:is by an act, ntade in elle 6th year of the reign of sornersetshire,",0.4605,44,25,[1813],1814,1814,1814,7,6,6,6
155,1807,2194,"british revenue ;—to the insurer,. at 25- per cwt. 335,2501.;—t0811irowners, freight- at 9i. per. cwt. t ,:51.)8,f)221.;----to •aletehant 1'a6064,i'at loc'. 467,0001.;""and'1.0 dr)tii and.port charges, at ind. 438,7501.:produ(vkud ttatittlii6tare/,'.lforreturti ofpla:ttation store m, .tt lls.ter cntit.'i ;999,4181;(a sugar to the british go4eenirien,t and11;1. 7,oo3,omi.—this tor'sktar 'alunk• • • '' bryan etiwaril -estinlatei the value :01 11161 liedvested in jauralca alone, at 39 mil.lions sterfingnext i,) inc importanee.of the british wet india-co,onies.in the artivles of.produalon for cornmercialuses, the ernkloymeill of seamen and ships is. worthycomideranott ; froth the custom-honsciieturisof england; tor 18.04, it -appears: that the 'ships,.ileallic11; and tuntiae, returned inwatd,.' ietre asfollowsobi",0.4533,43,29,[1814],1811,1811,1818,7,4,4,11
156,1817,2194,"~ it ,r, v"" e liarte el''ifitt, 0 , li:hof tileo4tv ...'.; l, ~,: r' w:lo,l,).,!!o=pfs.tf tit'',e. taoirt;the (jai on tuci.;:ty ,es., -,-_,,,,t,, i,,‘ ~, ki..,tile 1,0( • --.11ow of 1 ~:,,t ..,:t li•rar.cis .0..., ..„i7e ivie ‘.ia:_try, oeii, to~,,ii , ,f.,,, . ,„:ot dat.titwer.„,..:' .'4, ,i ftlil' i,,ti ~i,,ter, :do „,,it' ale r''''' 4 ~.4'ilt , oil 1. j!"":41 i ' 'lt '''' ' , ,n:r,,lolocs. , • clicitr,l4= 101, r r„..,r;''-''', ' -1 ='''' ( :,..gov, !•-'""'"",,,..i.,0441,t,,,t jaw!_,..pro ~ : .. -,.,., •• er, '.-7,rt,t ,'tortoa wive,_,„,. ....- -,., ;:-. "","" 1•. 4 111,s1' . ...---''''7 14.0.57,.• -",0.4441,7,26,[1814],1813,1813,1805,3,4,4,12
157,1814,2647,"ite744 - lieutenants, au* 431 end 4 the twin* :fleeing paseethiletilisteif through' y. ai ...l.__, ' , . l ~_soli & !argosy la ningatt torn' ilicsertld at haw•• ..' • ' 01,41,1• .t• .igto . uwderobildtemmts, • -.1 •• • •:. •••••• •'4! 4. ‘•-• the nem 'if. -1. *mono, boti.,.,,iiilhifl.a..:.4:,1101:,i11ih._ i. laugh, in the county of tipperary, tint nato( pfd..4 •• - .,stoct ft mengel smith wick, rsoq. another of those abocking outlays.•. . • fenscse.lllessigisks at ono,. d'clocic. . ft isliala titirtiffeegrar!dottnn, who 'namo,4le. !reptible .of po. (ilion at the. -*ill • r •, • ... ',16 ..•ialonse.voaapidn.,l4o6.ll.ilt",0.3283,52,32,[1813],1813,1814,1814,1,1,0,0
158,1815,2194,"adiu-taot-v,,neral, (;:iaattaicidt •'sir g. 11,11, way,-knt depii- er, il•ecr.itk newinan,-ilth foottv till n'orl h '1: 1'.0i11% i );,tuer,:23d f,iotguf,t,i vas 1.11-4iwil, rot togues-elir:tills •jollo water, ""i,;••;iitant•-_ltl - tro,,p,• colin c•:mpliell, ist foot ..jatant7tielierat • u-d ' i•t•eny.•,•lk -15th fo,t• wilrunii aia•elsean,p.ortuguese .i.coll. ,... , i •~~r 00,...; '' -- _ robert hei.i) 1).0,, 4.4 1 0.,tgel sir rge eld ii er, nt.i'ortu-!; i.le;.,t, i :00p5; - itidlord (.:!1ar.t..11„ late. 2dgrcest' ' f.i,itit tiva.)ti,1'airi01;,,p1,,,,.3ri root l't,'), i/om.;;a-•-., 'th-l''''''.t .-., • i'l 1, tiiise,.7l'.l 61 esthon., thisr(lion, (10111 foot . ,i-t...:irs.iii, ~- . ""_ ...: _ . . . ,-..ohn (lick-,.t3tit foist",0.4598,51,51,[1813],1813,1813,1813,2,2,2,2
159,1813,2647,"asitints 11 tire 4..dietlualley if peactical steger ), • u tho,reo. d. blair. 4s. bound. ..-1 is or modem 'tincture, tatccled all neer, and ornamented withrt. 9.. 6d:ininrds."" .........- - yhiorti mews grammar of trade. man ufa c. i naleoniee sad yiniuda. instil which the views are of indescribas',.• ***-tigstudent will here sad a short, hat cornett st•ite-tilt .pritionis, echi*,: aiki trialam,. of a info ~,,,„lier t..111/es, and comm erce; or, popehti aecoontsof all tile ,me beaat.. and oaten,, aidetent branch!, or trade and mainstartures.--forst cot = mid al a proper ouaaao, ty a. twatt the adieksitie of the hest",0.3847,47,33,[1803],1813,1813,1819,10,0,0,6
160,1819,2647,"et+ ofgiestratershire4 es the helot kris of the yon family.there are foe ceedidates for liefossephr, sit. theprotest lois mimes d lend... me. nolan thebarristot. bowaessisa palk warr end j. 13. ell-dirt. los.m hee. wa. gomm'. 11.4.4 math* of si.cleeseet dose's, is the tit bappolasad a de.work chaplain to his fiord • ileiliolte if_k----. -7ii• :61. 6 .",0.4664,40,55,[1856],1819,1819,1856,37,0,0,37
161,1814,2647,"mast lowly ilea. ow vw pieeekoe die warne iim.(ii, the behalf of.blimajes-defendedr.tilengslotup of porta i and finally litivien•• -•;-;-y• 7,03~,,se, .emy he bad ni no. 25, neblotereole rakes- , veil te le hilibilotresatpirmillerlaartteelaatichipiztirrider,,,7: ~,, to rant rise dignity 4 a baronet of the united - . . ,ormire. • . d rreiand unto the the enemy from the whole removals, wil.tet 7(... t _ • .illoord. if relhlred. and to olpriset"".l3' le lint'''. .1""1: 'attisisa ""swil.stseelit las growth •el ,w,hishennad laym tiesdein of great brlcain en •-•. iibe remembered in the history of the couistry..sint r •leave the swum* we",0.2815,34,52,[1813],1813,1813,1813,1,1,1,1
162,1813,2194,"8 ----- :aft—at 130 i od 4 -:----. at ai%-- at liti3 6d 97, ------ al ito-- at iitht od 0 ---_-. at-10-atli' 131 qtti.trters at.. 4005. ilti quota110.'dotal 7'33 14itaitert.,-average 12,b..l 3. 4d. lower 04111.15 t getura.14 4. -- ,itf.tuan of fl ow4from march 20, tpi‘larch i'.ll.—frob.tasi'''sacks. s. d.. sacks. s• li. i ~,,,,14 ---- 115 0 10 --- 101 0 7,-2 ,7--- 113 0 391 -- wi ° '''13141. --7-- 110.4 251 --- 101 0231 169 0 6:16 -- 11'5 0ijsi 103 0 ,4) -- 1,)1 0i'total-1+1494 sac:la.—aver:l:3""e 103 s!0.. per sack ow ler than last.............______..., .155'41.itxbridge.corn-inspector's it",0.3037,29,36,[1814],1853,1842,1851,1,40,29,38
163,1817,2194,"_ -a105t1nm1w.y•.•0vi•..........-.--...-........- .......--..-...• 1 .shies at nlflrketc°oa,the 14i h e.111:eatilh'i‘i'.111118al'gli11111tillgt:r:;41r1""isdi:::ac.1r:i::::33°:':1:>::::::::::villiers, f o a son. the i's '. ;•i°n saturday last, at solihull, warwicksbirei - is 00,,',captain&s h. t. davies, r.n. of a daughter. ,„. covet; 1 the ant b tilt. the lady of c. w. cracrony b'1marbled. ' sec°fill', 0 'on, the 22tb ult, at bath john, clifton, ill' ,iol°ll'-''son of john clifton -sq. of 4la var 'lll ' m-ilsll, 1,3.04,00, r,r:the eotingest'datighter of the late jab"" 1.;50,.of.trafrord:house, in the saute county. ',,intorsh,./',l':'ion the 29t11, at st. albans, jolla thomas •mfoiley'surgeon, to elizabeth sarah, eldest daugllta °' . .000 t,nicholson,",0.3812,13,43,[1844],1844,1844,1814,27,27,27,3
164,1805,2194,"piititutt. taftor us substitutes, andth th?ther lebriftige, have failel, it ought to he tried eventhe alt extremity. - gretifbenetits,havc been derived i tornvia.diriu umickr, dilordeouo, tkght beyoval the • rzaelt of me-liftt;il.zen evt:i as an alterative; and, trout'l„herwi!tt'si of tile ,rtw. singletom lionstit., of dublin,9y,4(:4 te4spn to believe that it nt..y prove itcinegiy in !lie;„1 watel on the brain. tyl i,,,neivbery and sons,. i 40,45,. aunt pahl sr. i• doors rroiit i:.:l)capritde, london; aet.itrie3. • 1c)i ate ilowe in britton-street, paiiiet.st priceduty` ;or bottles, containing izinado tip for t he. army and navy. _ • •ou eeo ire_ genuine ihat",0.4052,59,15,[1813],1813,1813,1811,8,8,8,6
165,1819,2647,"rich ships.1.111 4 r hare jot receig.al •dg• to si and hindthe dtb. non 14th ..f february, • tits the- •he ?it • a merelt.b, tog. g tad mend. mr. m. r. •ha %trig d h-re olr ye.te!..44.. y ••at 4,111 a m•c tits 11141 tl-ire ...pert.% la. ~4.res pedia i• nis litchis, • s dr.l i b tee g rent afar, .itsi. aressainvag gag the. we te•e.se herr (-cogent c 41701 ink..isola (itt• gibraltar, awl 1.. et-.apo way we nee inlet .0.1. well rw4l', of wore thatts asking mare to 0,1 !lonia. the nit, nat.. its refs-..e th it.,,infanta..",0.4171,11,31,[1814],1814,1819,1819,5,5,0,0
166,1822,2647,"of the most vivid lighteing, scamp&elsdby the most frightful peals of thunder, increasedthe terrific sublimity of the woe i we have receiveddee most satisfactory accounts of the progress of theemajesties, who arrived at nova% on the 29th, in gem. whim they were received with the kighestoui ago* br the clergy and the civil and military antherdes, sad with the greatest eethesiasm by ail classestheir faithful subjects."" ,",0.4583,23,44,[1819],1819,1822,1849,3,3,0,27
167,1814,2194,"16 or 18 years ago-iwthe vicinity of wat-ling-street. her father, who.was a swede,..,lefthis native country to •setvtt. in tfie eritish navy.,he sailed some, years under the orders (accordingto her statement)ofadmirallovett, and during.this period liecame.acquainted.with'her mother.when she was about four years old, her fatherwent with his family into sweden, and exchangedthe naval for a military life. ""when flie caolvvpittnce joined the • cause of the allies againstfrance, he was a captain 'of hussars, in whichregiment he had ilso two sons:: his only daughter(the person iii question), being influenced by thegreat affection she bore her father and brothers,as wellas a sincere dcvotion",0.3899,5,50,[1810],1808,1808,1801,4,6,6,13
168,1813,2647,"tdifitirodetroa:litiiie',npil: iiiikeafit y •0( :ea in'g r;4t-7-cp,-,q:-:i ~,,ik 'fiiii:.6.l!!, .1., . .i si ~- mr. .i. jefit:ick, wr*tirstai.st,zlet....it.appc.ar- be, iliatbito akteltriztil ir4i.tliilidit* of iathil'ilta`'ldetiatittlioher ma. ""ividth *iv wien pufsped,k 919filiim .6.7 ?.g.1,,,_tiesi,„w ; . athiztioof itifrell•w iterttlfplldtt, k ikte wy,. abo.ut yi o* me to tr. 4.., ( ooa !litholied •with: alagai t. andthey are adialoistertlotquike trtioaite ijith-‘vhich : ilatisla.g 1016 e rrai,thy piiikrnrand gettfeii ' iliiitivtaltuirsuirtige; to-ad bruin ""liieltbilletd;flittli . the iff_qpitratel f, s,* ~• • : zl• k•, athend :is. was aefritijedo.lietittejr alf,.in rted marny. icjige ..be -00faisaly go to , from his r4n, and when 41 a",0.3512,7,54,[1814],1813,1805,1801,1,0,8,12
169,1817,2194,"t "",. .4 i?. '!\fr..`;fry : ti', /;i'.flnta.‘ _\..,.0 n a---`\\,i 1 ••'s, 1 i • \ 1 :4, \\~ 1 !i l\\ , \ ill •/111,/ 1•(\k ik' \ ‘ll',:i9l • 4'1, p ss;it 1.. i .p 1 vl4 :!:. 7) . r\ ,r', r/\:iv ; ',--.i,.s i • i1 ',1 `,',i . ~t 1 ''4l a -4 ‘""'1 %. • •i i .q\\ ,) ' ikt( \i . \j . •,111 • , iti,;,i 1 • aiill 1 1 ii i 11 i4' iv( % '1 n itl i. ,\il •(v• t.',.j1 1il' )\,'►i•,k111 1\\,i,:""mil11- 'l,,,l'i\ /,ii,r-4fi \",0.2037,19,16,[1814],1813,1813,1855,3,4,4,38
170,1813,2194,"of 'the 100 of augnst..:t.'wt're confirmed, and the following gentlemen iiipoitit-suingu the ccaninittee for the port of london, for the year en-t....... ,. ., • 13tncttetts; pirati,, esq. m. p.—chairnifin.untln wi 1.11./ani buckle, egil•-•""d,'plity.messrs. thomas barnes f.•bairman.'messrs, .li-illiain hamiltontobert (lark.. peter kenninntieorge clay • j. pascal larkinsrichard cookes •e. spencer coiling george lullwillialp curlin• james 1113110 esj• . g, christ. .nockells. jahn dawson t.• r. oldlield .. nati). wlllat • chartes oihurne • .jos. dowson, sera. ' james• sims""„.enigc faithitiehard (-lordlier and . •- - s.""gw""'ljlln.' * , filedinn asrld°gtiginci tligeorge joint • . • richard. smith.resolveti,l3noniinonslv.--that the ~(frateful-ttlanks nf",0.3868,33,20,[1810],1813,1813,1818,3,0,0,5
171,1810,2647,"""ott 114elected andadinitted in the usual'ttayf.4""-' -.,'du, .111,1 tthe right lion. lord viscount mitre ow, et. t.; ,• • the right hon. i..erd gedaan gate alcit, m. """"'- sir james cesarean, bart.. . • . ... `.slats.sir htenrstivit cnoimpil.lllr. rant. ..tr.t. :ft•atil' ''.sir edward biskrcristml, bart. -i ~wit.t.tokaoiltrit b swentt,•emp • - if . !:, 17 .1!""),411f,, 'ts,.7 • t 11014411 ty ambit. m. pe 'iv v./ ...... f. ii •, . ctea roar wi$t.lam 14,40116 bgq• m. . ti”.....t e ';*' . hurt caci/slut into!, eee.___- . •hurt watkin willimos wlfilf) smq. et • • , , 1,georgic 111420r0m0,",0.4868,51,42,[1814],1813,1813,1813,4,3,3,3
172,1815,2647,"fiskalue, the allooliker, ills constitutor. to oh- public inteslsie - or silo ' 't'' ."" 'rid regblitliells 1,6 e seb-prefece4bill to, „ deemed ta, the ct a-tsbnid asernim.. .eon to civil and military loopitermesits: • i es. .• . - ' r.' • '!,:itilt he fteereet- ell' otte,: tneetift* of hip • offend4, the% iva todilloteriv to-eligible. • 60. no saw, ender asvirrewsui vol be, abitelfews fee* ike13. the chamber of representat hes is to be renewed every • ' chased, juthrs who are l.' liana by alit et. fire years. ' 61. no one can be' prosenned, arreseill. iteinblieli•ee'elp",0.4233,3,6,[1814],1810,1810,1814,1,5,5,1
173,1814,2647,"sink ~w julaa• ""4 461.0*. • • .... * .:.' ' '. .. thatik 40 #ii lasi, 4 s?.n..frop kriat • k wgaddri - i• ; • • --z.• -/-"".-4-.7----gotitim 'split, '''• that timj':4.lt toitetrnes.tecid_eat to.' avian :t vomit r# -. ia ;lei* *wired kern the, coast of ifaih‘ltd le3:01,1 t 17444 it# tu,,i111114 time .of citird.hearing. ~kelpiperliks . as ives of phis, afar inlivineemonde roads;tee.nl‘ donald, it pile 4444 , p po. (40a; at 00$111nnsiias . tie& oil. and she define of tnnoteroui ektetsus, -. ;. ; 9 114 o,p t :4,41, 14,440.0 i, - sane oa. .... ,lisismadesteed",0.4671,44,18,[1814],1814,1814,1814,0,0,0,0
174,1813,2647,". iiifte4;4'..eitd, in my• - t,' -lotitig to do so., : the ere,'"" astle-shown himself-hr '..- &erne' after his rots, trent to.. bed, got up in an hottrilkoisae. • i poor opinion, the octet""grand te which• that-, quayforoe,, for the p ofteler-lathe rear of gew.o :after, and went cinwh• stairs into••the cellar, and•l•'''••goent.e-sebtrair •-- he dlrw"" ' reliatklfrtri~tlit.t.'m division ; bet tha gallant officer beingduly'hanged himself; -hi- itife found hint when she , 'got up tinuing so vet ' . erclin may'• ' • .4 sus circled and quite dead. • - - .vals•of any g fill,.prepared, he retired after",0.4083,25,40,[1813],1814,1814,1814,0,1,1,1
175,1801,2194,"cveryforte,: al•;(.11..o' 'in t 4th, -,- and i? ratt7-,ce : .ford. phil - • st. paul's clinrch-yard ;th4;:nas .r-,v,,-;.cleidentiankt co,• • • ; , ph i • • • ; brod:vitt. - . ;;;""sirtarc.;• . :„ ; heir, 'clew h :lid; : •str:,.. , ; : . . ; other:unite:l.•. .1_ „ actn,urea_ }to:, f.i.us. . atn,..11,.f0i,mon', ,,or rt,%.-urn, t.heir .crac-rs to-tne • .this day-was published;- • 'price 6s. inboards, 141 the same.siigd type and of oe` same size aild..thi4.k.ne,3s as kearsky!s,poeket 'pteray,e, •c:f, 0 p-18 1)1,a of wit or0 itngx li 8i4,.)412.'17 notb only, ;all-tilt a,; ""wit h irritou",0.4677,44,37,[1813],1801,1810,1801,12,0,9,0
176,1813,2647,"4,,,,,, d'' 11 g• 1: .'li •gi bboni woollen* draper, man's ; vatiliod 1401114 '• a titre coluswecan is hyle pions' nob/lodsue, , aptscrion of .hti lio:hisis;, tfud 144 oho' tiovii,'„ti?"",. 0111(""ven..4 '4l •it ..'....i'lltilij i-i44lit•'i' -. mi rceil. iinigralltyß.'imtolinres t° hil-mmermn l'falreibt f"" kis in"".al4ll4"",aearirelell'i'vselt3;l7l 1•114 ca. reat ssitbr,cdoii for tam in linevilitif oil' ow ' .. l''''' r!1 1. .! ''' • 4114441 lii-friends sod the fushioosthie world. otto he is enabled to saw sitantwadatenned is the proprietor.. la whir& e s •;, _ g~. - ...r- -., rev , adret that 'toft • _ t .in the",0.3113,48,54,[1814],1814,1813,1814,1,1,0,1
177,1813,2647,"18.—accorditig to acceentr dreill,:- - .italy, the printe viceroy porosity maintainable's:telt • •in-the positions which ite.had judged propeete make,the army occupy along the adige, but hurls oiled'soccosses ardiffererrr paint.: the austilen 'genera •feelseia, who enettuandi the extremity of =the t 161%wittg,of -the austrian *soh has expetlencrolldefekt 2between legnago andßirliseetat‘--, gen. seteniailestifi.* .who oceepled the montebelde, *pea tlaellitt toal,'has been drive*. towards•woiecedb:.. ' tim beaus stthe. adige are covered.. :fitith tifoilpd wo latalaataimeats:: gee. biller • heediftorered; ..that'lie gottanot attempt any important attack, witheis tonfamoixhimself to a battle, *molt he ..has_ not ;elttmeehazard,; .=hu=ll, in consegeencei ,hats- thoogitv oropierto remain epon.thedenntive:",0.3901,42,3,[1814],1806,1809,1814,1,7,4,1
178,1813,2647,"the curl full mid perfectduring exercise? or in a damp atmosphere; hence to ladieswho hate e vpecirsced the unpleasantness of the hair falling oatet curl in the ball-room or prometuede, its utility must he sib-sons; for munishing the. 11.er it far kit rpa‘scti any ibinaknown. being regularly ;items...beet by medical men for then•wth of hair, so ketiall other means have proved intilequal iit 'reports a grateful wad delitions perfume, aires the mat)melt mai fascinating appearance to the; hair sonagistabre ; inshort, is sr superior is say thing ever before invested, 'allierfor stourishiog or beautifying the hair, float it kat received",0.4688,45,46,[1818],1814,1812,1814,5,1,1,1
179,1813,2194,",ttructing thrcse-decker, and ships u so andg uin genoa and venice vessels are being hunt.tdock-yards itochfort, andtoti,-eontitine to hate that. activity:, of inhith trierare susceptible.. itt a few yrars we shall have 150 l=hips; of ‘,/litch12 wili be three-deckers, and a still greater !hlm-ber.of frigates,we can easily construct and arm from 15 to 20ships of the line each ys:ar. but it may be asked,waere sailors be found c 6 man these .stitta,;•drons camps and exercising form an rti'my in atew years,' but where will that he found to re-plzc exercising tor marine troops ?colbzres institutions, 114 the principles whichhe laid",0.4743,8,45,[1814],1805,1805,1805,1,8,8,8
180,1826,2194,"46s 50in(new) 4(u. soa.(uld) • 49g.52i.kti, food 25e.'fine ',is vs.poland 1181.fine ms. ma,l'ototoefine ....ale. 3se.•.••••••001.4141.1.ma.scotch ists.flour (per sock) 4ce. 514,...213rontis . . ...... 42a.north country —an. ott.brew llo. 12'.'thisday'srnltairklitol,ewldhichliitaßig- ethrott:gttutftlalra ngelyayinypoied,ex.•hihited more good be*** dmu have been witneatted fur a mnsi-derable time put, and rasa numerously attended by buyers; tinytrills wits dull with avor thing—veal was full tad. per etonelow„,inpprirtnioos mull fork pot 3,airtkluabettsoz4eatidliir,apegeirutbs:tnoglnietet.l.e:ti:b:e:ryt:boaa:n:tenortanatifri-day ;eßscas via 'tort 0p sles. to iiint: vita orr*ls.il, 4. toe. 0.38 4 oi n retr,oll""tlysgt7:::: : 4 22 ito) illirrs itiamitubsditto .. ~.ikerr'rriiin:toriztst)str.. .... ... :asti)reb: telt,13,4411:0:11:14:::::).1.:: ......sor.l4:l4diwn:):lllett:ey ldi,litte01:1:: 343084443180 tirtliczakirlititi:,ll;:tik7ifii;il:...cti*""...it„obit.iil each. 64inferiorfthetpsu. rrtry.i sheep",0.423,37,8,[1850],1847,1822,1822,24,21,4,4
181,1814,2194,"informed, that receipts""xch, '""(telivered at the company's offices, over.v.(l ge • ri •are herits as well as by re-lit 414 rlntstepre several counties ; and the partres.•-ll44blv?rliefer_ u to apply for the renewal of their poo--11,11,e7, l•tt amen ctober next, as the usual m-i therl or pa, beyond the date of each po--4414sl fr, :zinc:. jun. secretary.oren, daily, at the said ofiice-s, for heirk. is /),,,?""""ngs, goods, .:nlerchandize, and s, hips tin,ir while from loss or damage.for the assiirande of, and 6,rantiug annul-• tit •e l'or •'cies will be issued free of expense to thetheanattal premium amoiny,s to gs. or",0.4261,50,18,[1845],1845,1845,1845,31,31,31,31
182,1810,2194,"•• this day was published,lu three volgmes, odaycii•ktnew•litiitioni price ii. 4s•burds,he method of'itabiiing and study-.._ in( tiletifi.i.„l ls. l v.:i-fres': or an introdiactionto languages, poetr, rhetoric, t-li'srory, mora) philosophy,physics, &b., lettedtions) on• tati've,e, anti instructionsw-itii-regard to the .elogii,nce of the pulpit, the bar,. and th,f.stage. the whole illustrdted %vial tiis7,s4e§ froin, 'inosttainous poets and.9raters,..4kni.ivnkpitd,n9s!wore parch:eth„;..with.cal remarks an trien,.. designed tit:l4 for stu-dents in the university._by m t ollln,late principal of the profetso? ofquence in the royal collevg, and alcinbtr of the royal.'.. • academy o! •wscription and 1/iarcs`leiffes.trauslatediroui tie french. pedited foinv.-otridke and seri ; andßivinq-ton; w. 3,1 ltc l'•l,l;u3n.l",0.4934,40,37,[1810],1810,1810,1810,0,0,0,0
183,1801,2194,"aid plaindlrei ions. , •n. 13, li:very box sold in great britain it tealed up witha stamp,. on which-, favour of the (...:(untniisionvrs is ,printed, in the stamp-ofliee ""jr. tiyior, no. 9, nevybtldie-street,"" .41mitate which is fttlotly, and ail °theftare c yunttrfeit,",0.4825,40,31,[1810],1813,1813,1807,9,12,12,6
184,1814,2647,"x pee titk 4; m.&sterol 'boa& is remota.,**li •ftetifesaiegoe eari4aldohs in',ller that they onorwol'lb (he nblnt:ply ea justly attache lc**. it but justice to • 'beim-seise. bit 'oltfew.,proptfly ied era red ae4 initiated i mis, emerypipfessitin.(rerti6cntst. f .which. from teritps-testimottials f!oifi the btetekt professional oulbso—ve to' ennvinee tiny emplieer)i that a resede•co-- of our eattespioworld, its willws insother parts, entpoldittip them to nswit. their twearcbes,baying hero e4idfintif eminitornted, the* told,,ant a certainty of renovation to men as may labour 'teddy abe'aeholitmitti4 (113451 of•n-jifs passedsinder thle torrid zotte: • omfar4sektbrit hating had opierrtanides, kr their protessooriq...omit"".' feirmilighn ordinate •tirquaiiittroce with the",0.4378,28,53,[1803],1814,1810,1814,11,0,4,0
185,1812,2647,"in red: •t' • • '... lock ami) tiyagical.dispens4nyer, .fi! rail 11.ighurs: iheioiike of york, president,. sad .the ifollowing colialitee of (haven:ars : -•;__. 'li.vl of leitrim 1 colonel w. j. jones,_1_11: p,right hon. t. jonespa. leon. r.s. sh tidan,lll. i - . "".""""ehe.'esq'-i'm cul. j. barry, n.surgtsm,member of th.'fire patrotiage thi..-0.. the exclusive treatmentroth venereal complaints, rtirirtures, debility. ulcerati, i. i:etnent of a gentlearin of,mily the public of the h-lgllin.,, d 111."".by ii the inconveniertrese~,,,, uittat the young and unwa'u.luit()si arid oat by islverti:""trartiee. since it', siobllshinein'.ctv, have bee: cured, • - -torhtuuttusi and with.% diammo fif iln;se nave",0.4621,28,35,[1813],1812,1813,1813,1,0,1,1
186,1813,2647,"are signed 'et half.pa4 biz o'clack; with-036ma teriiss4weliont 41. mi. , iihtenstreli idistrdisfhted 'se the serupenew:. ,e.-- "" ell om p... it • 4.711 a 064 ill ever, 141.'48.....l' ,. %wale. , . • i in, or lin even' pass • •.w.. ileyley .. "".11p).te, and ititeh"" . • unas..tr. itridlowt.^olaudford; ea.ghsgstoire.. :nm • bagstutt. , • ..,, !mo .to be ""ickes bulfill-geiteralw .as wouwallt ,.- „geed-aid-1,~ . .. . 89, is, lin; 90479~ „;„ rc • k.- rf '-""'2. '2l. -.--.1, - -1,._ r- ""1.34.1- ' 1 bo4ton, spalding, lettertiot.lllol,'.bl;ll.l.l. and iluniiht testa apliliatiatt 14; larch. &bail ""if iiiirivii.",0.4028,10,26,[1814],1814,1814,1814,1,1,1,1
187,1822,2644,"11,.1. ilk 11 10 illeil••111 1111. alli1(11:11.11 .11 50.155%foteigti vt1- to 001 coto-t, tail had then tote hero vic ot*c•txt•••• it' theof 111.111, 1i••.too. 10 i f.c.l to. :slid committee appoi,,i,rl.‘i 1. 1.1.\n all 1) too.tiottor l lit ii itsiottee to ow itx, wl. hp'..•at, flow %la., is 6. lit a •til 16.nil. li. bln s 15041010e.1, till ieftel e .ster. hi. atoinn reolo doo4 1414 cot uo,atailiataaltrii.l.4lll. the funetol ofthe late qit' 1 l officps. &c.-s.. r.. heron gave notice, that3 ir.tster ti.• flits,iltl 111010* for leove 111 tiring in absil to prevent the nee. s•.;) of reoro ter,",0.4716,27,44,[1813],1810,1819,1819,9,12,3,3
188,1808,2194,"of this ore vie voy.igesand tr.ivels worthy ut perusal; old aiploh.',oletc.t ork;-sifrtr-hig only-as a rnlauce or narrative. of adventures, ,1 beingtotally, dialer-s to the essential objcet.a-4,4[4.5ucanons.of nearly ail the countries in the world, taus:;who have recently visited them, clainss,'rfu•ntlore, ni'ercie;iceover all colieztiont; consisting of' 41,:sokite wurld-scribe only, the ancient atlci wailer' 03,00,• pritileti rifie richird phillips, no. 6, bri,lge-strtict, kl ask.friars ; aoct.to be, hstfof ail booksellers; •n. il this wore is also }l lbttaitrct inhalf-crownnumbers, six of them rorminet a volunn.,, ullli cfic s.:vegti;'vl:titian) is now in cotiisg.,,eilpiabliition,colll:lii:it:,. s'eauin,'slate, tid p rut; s and nilits the south of france;",0.4714,32,1,[1801],1805,1805,1805,7,3,3,3
189,1814,2647,". vain • . x • ~t *l4 ?. ftlil:=1"" ~ •..niust say, that he himailt is :atther heed •of 'ffitliii akosia* .. . 1 .i *la,' .. ‘'• ' atiti . 11l :' ls $-•• - e gr 4 oa tbe fadt int. the nell. mary iairaaillioster.i. 1 - •- ....l.idir, 1,341;1w :sits of his character, 'mil aiodt that ,iiiiimuuto imnied ;'tea peepers! . ' „ak, , : !-- , - -iji • ' t - ,-,- ..?"",, p.: allft• • . :,• - . .•. . i'm l':"".. ,_ipmet • ' '.irk.' • 1.1.'ia ' a '.mi-;.....temeik-i.l6iistliktililekkagainst it,",0.2708,36,48,[1814],1814,1814,1814,0,0,0,0
190,1807,2194,"• ' '24; 1.-evp:elli`illilr4.'ss6l-tn t h.: ;tight lion. lori) 1n1,...on the 1.1,.. p. itiaeillillicis 1,4 the siniiisli ntiiii, ,ha on the ex., petliericy 'it wviittditfit lha systanotical eifiiiii:ip:ition ofs,plai'...ll , nivklpli clitepi'iling thiltileieli of ;‘, p tau cur eltet.ing if iii a ittliinetieff;:i.'ll to.that cqlltltry and great sri..cants. by a native of spanit.l-1. aiwnic..l, nvo.• price xs. 6d.2 ..kryit u 'fci '.14.,:fi1.(."" na,lttta i' 1 y t,..0f ine i) f. a. 111of (14r4)1411.1s 0 n ‘;' -with ' the cie:o ni st:inces i)4g:citing,attfoding, and bii theq %tog to that e vent;tli,i' i' rofe,,,ional re.,port .ou his lordship's worind'i '2.nti several",0.3975,37,44,[1813],1813,1805,1805,6,6,2,2
191,1812,2646,"- :~-.t., 77.4-17 • - . • .•• ' :"".. ' i)'%1.., t...6..""k a •e.••••••••: 7$ a , c• •... . ••••,..,.... .. • , . , , 46 .• •t- 5• ••.' • - 'o4 11' .i.i.... a• . . .:••• . ' "" '.• . • - •• •. •a•°-.---...:2-it' ' . ...• • 4•4 -. 's. • r .. -•-..• -'4.'s .s, ~.1 e. :a ~., • f .. .0>•-• - .4' ' ' ;-----'4: „ ' ' '""h....• - • ,: . l',-• • • • .' k. .i . . ...-'=""141..t.4.,„ , .. . •",0.2111,25,21,[1814],1853,1855,1847,2,41,43,35
192,1818,2194,"all inward decays,c 4, it of ~pc,.its, weaknesses in either.sex,i. %,%1e. i[ci : .n 1,1! tl, i s 14ar y. acquir ett, (sr „wing to youthful nula.rtitsh,4ll v` ediciite will afford the most wondei fa relief.. 1,...i,!%''',""it‘ ""knesses, tabes emreilis oneeru constouptiiim. ;tb,;,lest.tlstrnils iinrieniled, :. lua'y seen ny the nuin.,e--till'llel(,l4‘lehltisu.l4/'. i"" his pautplile,, delivered gratis by the du -11:11;e is t' ()ultrllal bai ni f gi! fad most wonderfully die-,iith4lilatts:a•:..l;.,4ll will -s'it.p(p'ort the life of theagecriea.flixilainifimrn.l.lto. tr)i ' ,uecays, du inl ity,.lo.wnesi of spirits, i, !i.1 .letts a a\ tieth,r hereditary or owing to youthful impi,ik).tt'illt‘te'ljlii' ""1,-;;lcnie will aliord the",0.4517,46,54,[1813],1813,1813,1811,5,5,5,7
193,1822,2647,"the rite ot444,. sad did. per lb. for be comm, to grace tbest4llemir bsteben at tacit christmas show. some a thesheep weighed shoot 4stbs. per isartm..—(fgid.)tarim's* fair es weisesday, displayed • great skewtear sad cootie he saki biglase.prises were drum&ed. the semis mess smogs, famlactl bleep 38e. is edo,per ewe. bet the solo wpm* very brkk.le great cattle market es tetchy het, pmdiaterasterable skew if besets; *melt met a bees,tab at advanced prices; kw ewe ids amid. thedump market was sloe veil kilwassi sold *wit atom evosiders* bigita)lian dos toeimatiost.a 1 ' wr, weadkelatimesele hew• fremfte.10 inntrttre1..ern hillytaictslity airsis is.alhermies.'1•",0.4622,3,20,[1856],1856,1850,1856,34,34,28,34
194,1813,2647,""" - .a. •...‘"" '- ""‘ ' ' ""ir' ' t ?%•• • ' ' ''‘• "" '' k .lki. yzp'org• •all 41g!, ivar,f;.. 1 , 4p. •.1 •. , , •1 e . • . f",0.3162,31,51,[1814],1852,1855,1860,1,39,42,47
195,1815,2646,"kilditllc:l4, dr. el9olllllb, 4114a11e 11,00t4pn i tin t•;•rt om,van, omitting many eisifip jfillj,l4llf ke`l3 *phi 4131 tontalerile rtetition add ong the proiteas or toe pupil. cud sallicti be. ibeen finally and tstetulip oellwelf nefth try latin graostner 1.:ranp,—tnay to v-itil con/lance reccauureded es du iuunicitgulal tutnts su.l nivais %maiio9lk, iqx iritelally fised.l.l,49g thewhole hitaiutu lit- xtarty cuailviiii pli illb ijlm.jud 01 reaat 1 ef4iv edvery hizb charit4ii and essecnicagetneot. ia iit4r3t alleissooe to seirsoh.iisavoit's voyaceies and tra171486thii.day was i..mlislid, closely piloted ip loyal fermo: price it..in extra bu.,tds; embellished voidi ivo 'water, vat...l. ofa ginlral collextriewastivoyages,“,,, and i rav r,",0.4584,5,11,[1801],1805,1805,1801,14,10,10,14
196,1814,2194,", ti,,,..64 , cole.—if the""an ~f ' • skniutel cole, who servedthe'\vrst indies,daritiztzle of his majesty's ships of wit!' i 0• [MASK], canbar ail ael,a4,erie• wm' which terminated in.as an wheel onand'a what e--;74nt of 4tilite‘sh'ip'on board of which he served, '''heth-,"",,.pac, ity3 and any further particulars respectingeni'""'ire. -i,'; 'le died intestate or otherwise,.. to their mi-nragdyl him,on''''n6 ''''t""nsa •• 't • hear of something. a.41.,5,tr' .;) '• t el' d' -, ngths"" )' ' - •,.1, -systh then ad -re- .ro , 1r....ct.n- a i..tter (-lost i'•-•' %. ' ` fetter-lane,nearlalci.,, '' liaruarii's inn &ilfee-beustti '..„,............................____ .9, [MASK].r ru,",0.3836,36,51,[1814],1810,1810,1814,0,4,4,0
197,1813,2647,"with the nt.:,'ha ay sad good humour. : • ~• .•vriinest*or aoy person or permute whatioeverlebot that sloe,point of view, edsantageoes to oar allies, and ef course. rietta was attended. we gin. * copy of the mu.to the commas camp, of present discomfiture to thi, .faia..days &tummy, april v.-two cases, containing son-o""...:fise past she, a firm' tare sincrerr-oiresooostold tot4o.trcote ti-art.1'and, therefore, we will iis no •way :odds sets of complete ivory handled and silver mountedn.fnished by messrs. ergs -""tersitesit'toanttelthneit?°l4unded es a. ot toren%plan of the enemy, but, above all, of prospective and pa 4, or •40016-contents, bat just observe, mr..kuires",0.3595,26,35,[1813],1813,1813,1814,0,0,0,1
198,1813,2647,"2_, wia rr 1.-ed i toot ezpv4rl7l7,.?sr... ~ ks ' , oger .'` a!willione litio.. '2 tiih) ditastiiiibriao44 sdotil=g;i: ~,,w. 'njitt.,.g . ii': 7'. ali li ,ol ;'•• ' . • '-'"" 4.'.: :f!fk. he ma i;tn•lfssoititctitles.'ke ituretnl% ?“, ~. • • - - 6 -4""-el_l=2.l4'' va ya.of.ctarrlore'tittey • • lootime,•aa-snaitimmitr-oas4klttetii.,7*tilei,'io • t'7.'. t!thtall •b;4wl ' nest but hu' peallitti../,_1,1!!!:besp,-aeki• %4frricr•rtll •:, ... . ....14•- rat ' isle,: l *mos biiiatiiifetliett;l:elldbb. oilde 44 4.etienlanal, p -bidwittlarrindt jprey, !y,' - ' • iw,pia"" ' ''''' fpfiwitklib* '""'""'stein metiers„.„ 'r. 11' ',214.....!-''' . ' "" i'.; & ...."" '' *i"".l:-1 • i",0.2415,49,12,[1814],1814,1813,1813,1,1,0,0
199,1826,2646,"• -' ,rdtlaer9sitiejt netnivoitteknthony adatniebt sad john ilsipe.iflbline. ' "" l'• • 'new 'journal of medical science.that on tavares., the sth of january neat, they will be 'lrish-111. malkin's classical disquladons-i v. caddell's%ready to receive tenders in snider (sealed op) and treat for the alma pinenoesay„„i, in south americaa-.v. repeal of the ustery this day was published: ma-arm p-ngravings• by miller, no. i. haven, carberiamd, bauprs, january 12, 13, and paberz'undermentioned aradas,ao be delivered into isis majesty's vic- laws - vi. doadeu's life of ktmble -; vii. the vaudob - price si: shillinp (to be continued cbtarterly), of .at eleven,",0.4275,35,11,[1813],1812,1812,1814,13,14,14,12
200,1813,2647,"• • i -."".:, • , - : • , . . p • ' --••,............ .. • • - 1• _ . _._____._._..____ _________ _ _ ......._____ ... .. . . • • - .4firees.- , • ...-•:-.; . wm-pap : .• ••. ? .. , , • ~. .. . ,bid ,s,. i •tiitatrk 'royal, drury-lank. ""mi .sillol4l &id !, as, x : rrk • _ativr• ''.44, , s. • ' 'ilii i s present evening, feb- is iiiir r .a• tuft) ""i la .'•' "" '4' • .• • - 0 •. ' ii., •• ' •",0.3131,3,48,[1814],1814,1814,1813,1,1,1,0
201,1822,2647,"him, sad is the keye that howould forgot hie habits when plased.in • a oitaatioawhere thee/rotas less temptation, be procured lim •place oa the move wharf when be was empleryed,-.-'rho differesee is the receipts when the • pelemormaeabsent from the till was remarkable, for thw•••••-•-iat hoonediately foetid that they anat.,'much la three days as they bad befit is ye..the prisoner had acme« to it. tho httlastir;regth.was sot long la his new siteathesibefersproperty was sifted, and a day roe•twie lime the mo.plainest lost a, moiety of amides •freme 0 his,lwood.which be bad bit the slightest deobt the polooiler-haelego's*: sliii. his object",0.2953,24,8,[1819],1819,1819,1819,3,3,3,3
202,1823,2646,"-1:1 ec reat / 0 n 8 in ma:chem a,tits, andc ester, liattmouth, and biloury, evil"" ornbig at sefett ;months namagazine, sept stil- 162- t relfirlh rinhihih ll 4 ailver•so. m.4..u...4..i4 114 44.4 444f4444...w 0.......1.144..4.2,lsinntos addressed toi a venlig man golds first entrance ism v.ll ledge a manifest feet of the utility sod perfect cure ort,, evenhig. • ,_ .. . • • s• co titt.: 1bite. aad adapted to the peculiar. ortunistaaato of:the present ahmed by your 'church's st catt,tll -opt, me, wakkfieli) fortis* .poutatloado, eallig.llihnitithes. by ws. weal i•ll vals,,ltmto. 11. is. ...• • • , would be",0.3994,37,38,[1813],1810,1812,1814,10,13,11,9
203,1801,2194,"only mutely eterdis,at ciebility: when talt,..it into thl.. they ,ro-.•nt,ttiately disscjive, antt 'ttiffitst: t111:21::;::ives v.ipourthrough every pore, i)rottuetrig eth:e tit..]salutary.; and perritant;it.—wnett rite :,:;iark t)4.' begintto brow (lint; the circulation languid, and the ii para..lysed, thcs.:.lozenges-arte,foustcl to gi*ie toile- to ibe ...ayes),exhilirate the anitittal inyieoro.l. the boll), •anirriite the whole iitatt:-- when aver4ititi exorcist,• loss or dei)rivity•ot'apivtite, ,and pallid coktutenall::-1,dicateapproachingionstniiption, the,tieli,zateprtst,..rved and restotetl to 'health and soeiety, by tits' benign iniitieriee o(thi4 ultxlielne.--.lvilen the tit 4 uslotis ofinitigtitation, or 'the:force *l..iiati t!):::tople; hat: trini.)tedunguarded youth intoalle dsogerous i.4urintlt of secrets•znsualify, debilitated .41s borly antriinpairtil his tc.,44t.staiitlinr, lir:. to loitnges will';)i•qteet",0.4346,34,7,[1801],1813,1813,1811,0,12,12,10
204,1811,2646,"• 4tiflpititem the sod now precisely adanied topoosissiothil &aoby 714410/1.6:61. u nue.o.y.coo_d, m.d., .itithe anyel .tillsge 1)110aat5i cy rppal i.li:ghtleft the rriticcsito tot *waetna:1440914•w,7'egs,dic re; andell ""1)..4e4 orown,ccrir,piktited• con. ,c41,1wprinctfritmt, ws* talz pw' tjtaisitie of a modenawpere t43trtitt aptgeraati44 ritetu- 4•00 • $ .- •iebostispdoirlibastl• **ft.collecti9ndoss for - %vw .!'w.id ""*""=""sisiatsak. ithilttrit ink!** 114 r - •thc iuslytil or, all . .=.4.. . ,libensigstet csi the %apt coutige.ar physiciany in• 14:14tn+t vlonniast .scr lifghntos- the princes+ t. 41nltainai and late senior 'physician to doe )bsitish lying in hoe:.patattn,liy.fficaatne attbot , in :dm latnlttirttit'setqfd 4410 ft. i mice hiistr*.inreitt 10101!)*) adapi.?4)lrialfget",0.3889,56,0,[1819],1819,1819,1819,8,8,8,8
205,1814,2647,"q,:ma5trieptrtt17............: .....i„::::behu""stseeito......end sfort ofoath* abilseitas64o,4iose; 'i,.tha. s • 13 141""binliiry:._:./.14,i0rit°14919- 41'4* jfflsits;;:r9ged;4l4:::stabtetige4‘: -.l:4llli,vamgr' i:46:';w4""14i'rtt,461.9-: itkiitibiiyaint;leieafclisik44ll4:ois4444q.diiiworli;• (..- ,t, .*.. ' ;4:11o.!ro,#irri- 4.r ack laish4l4ll,' ""0"" ••••• . --' ev: r.rocitglititgerlat urtitettstaseltb fast, ..`.a.'... -wards'wereprecipitated• flit.411.44!iletiatirs lott._ . • . ti•4' '- - l'',•f ist root. •' 'l' ""r - , ...u.-i-• - • ',4 lk.) sldkria,‘• •:th'igr°4o4l4""----- ' ingowt rtes hind legs whilrt lei .... 'emu „vas .t, . ,%•-lbs*os; ibot ,bili• ifiebrlywoirtir *soot, •inemet rcottne. this iouth, who was . only.:40irtwo,. • - •..,.. '• d bop opokomiciout meow,.0011111 et'l4°""*"". ! i•of age, was pressed forward :by•the croi•ll,...lpoons_,,,.. , .",0.2221,27,39,[1814],1814,1813,1813,0,0,1,1
206,1810,2647,"fiench p4priis.• •paris, nov. 23.. .ulna. ram +at *assiut. prim,* of tiii,iiio, fe—no illtat-kit pilgeitss till alaion-g[•stat. -• a isesdiviertera, pt ailempierj nov. 9,[MASK].. "" monsetoexotto—your highness hem elleaktless receieed.tte letters which i bad tho hollow to •lenie.1,4in fro.vises and coimbra. ,n after baring, on.the ltb, 14th, and 1 sth ult. well re.cemoitred the enemy shut up in his entrenched ramp, 01the iteiglitsof lisbon, i wrote yon a !gag letter ; but 11threason te think that jt kas not reached you. ., ti:l spiry day offer battle to the enemy, but he keeps la,...self shut ep is his entrenchments. .",0.4554,41,4,[1813],1809,1809,1810,3,1,1,0
207,1814,2647,"rodeo fitistori..-01,44iiioss !.34- ‘-•-, r 1,14 i 4.11 4,amdia.44anl .11.1...ig1.-- - t.-1-41.)11thrier!ii#m04111).; ' ' ~,,, • .:. ' . , );kw/tett on 1)if ft4lad hi ini-nlegi,nr pleh-orf ' haw teviill.p4, : , ofoissr k? - silt wl. kit. %lei! a....4tra,:€ls• vi. .fit 0.%1.. laid, that the.., thawsalivaaineo ,at thi-ir feeta*ftretuied in tigetneif-ciff ""''' -'/- • .. ectifilbn alluded, had beast retpromi,1%;,,,• -afi a kg. el e li) 'roil colickg ewer!' ' kieruirs/p114.4141p0w ''''liikegifttiiikaßc a vim ' si;lbriii: tee'444lzed • „_ •ilaaireiiii the 0rs n'ulick. . . . . ....1,,, w i sift, assad , flu, itbsato.......,4.s - ..,., 4...,e•pip.,.5..„. .",0.2159,28,16,[1814],1813,1813,1813,0,1,1,1
208,1812,2647,"hie mee' pi:eriia -,4llll)!iiitii""siiir.,...::the prestwit-4416. 'wdtliit iheliieht,'• ariiislit.ttp, aticlilia lie' 40 ih is:r exclusion, con- • • eirrititittsvir•.‘entif al; il,-,,,,, ..casii-.4.0 ,le british cosi- . ' 'itylitttittni entaiihillieyee4serit tr...9e,;zili- lard had said tel tfkili, i' tith)4ttge ,callinref ,y.nfip.._; what was gene- titivr4lietßitt •tifi'. tht ydlitt '-` ""wm, fir?..""•nod administra-!tb dlittßrtfle tlip.itiattiatiniiit 4114res.s;;an usisobievea's, ' nittirwiffe restsiet•llki<ineiire,;'o'd-ritlex. jt it. warloorlpi: iiiativto- in-.: ;irtlitittivte.bwe itiiireve l*tiiolif 4.i t*,...*pkitor,lll.)(‘-'.nsing disco r4s,nt ‘i 40: vtt itiftgillstiir i lie. nmidistifi. ris""ft'#l,l tri ti.-,labs contribete- iniariighli; vtifettiat. ffittitikaiteceiav41,#.: lit.' &re:. ` iarphighlicitethitt•.'. la' tr't e 'cliitifiti-','.of ilwil,i t 0 inobievati& 'firisoiy; ite4ita 0.5 • •11;:to• itafults;"";",0.4574,50,28,[1813],1813,1813,1813,1,1,1,1
209,1814,2647,"-01,144edi04,.e4464,1444.6..;'.1..4..:4.•. .►at a mf;p,t111(1 44 a hoard of dths.u. je.i mains, cm the sub..ict of the•blay,f tis•la es 1 - haft) poilodtsmisys_ •• -itrit pa'n'iligon l ''lfti ancient ilietelitelftt -_tie•tors gat' iiiia,society, held it the 'westilinstef u-r wkkh beriverdin`ljuddrm frail itilielita3w36s2l47nose laa6""4l'welintita- '•ik4 ins*. ill jerieynadeellog!). i.lalt ;. , . worked .* cane amine to be pnateand. ••'•-4 • • *yrestolol- :pp°o4llll47ll4lotli te-• • •'r-cv"":-.'47:l7imalyilisol4seer (dia:enters) tines) •'' ovrailima • . 60111, tif •cge e he- and litailw if din farrel 'otficisilthiels •1..• . ad entirely newverrof elegant engraviage la outline.. ••,•;, _ __.. ~.i.1 .., his royal fligln •",0.3669,45,10,[1814],1814,1814,1814,0,0,0,0
210,1814,2647,"jotamodget,ilvaieo stioek age sitsiniiisid,mitt:.4ftisttl .14•a__0 :. - ice' .li )', 40'1 i' tseiilweet4teett,c6'' 'or g(poil !*?:il • •.""""941 1 utficriliviinokripsi the.offelidiie .: to for .,411 liesetfretifir 4 gen alphona? eit* ankiro,moo4n7 ai iiinhatit. of ""itiat../iiitlelic i.:es xi.' rritig; , ~-..„:.„,i. •••. . • - • •.„,:,,.. . .aila . •ifeitin it , voiitiph r theia.04, ih*-i 'wit took eim, aint cdtar osribs *reed' ti ..entitviti a or. de 7-1"" r • :!:-.:o6iiitkedi-dieiiivfakft.: .... •v: , • vt•-•,'"" :, - _. g •si ••• .• • - li.ri •~,ciellf. .1! the14...,r ‘6oli: 'i. k.tti.ril. 1.. 1' ,' - ' ',. '''",0.2817,30,43,[1814],1814,1814,1813,0,0,0,1
211,1801,2194,".boys, .and :132 girls, educated in the wurity school. . , • •. .chesterfield—i-929,,houscs; 197,9 males;.„2311.3ifediales.—‘total 4.07'. 111,[MASK] there. ,:iterts 177;houses, and 3335 ihhasitants; in 178$, 511'6050,and 3626. inhabitants t and •in.l79i, 866 homes,and 3951 inhltbillnts. • .newmarket—totaipopnlationwakefield-3663 males, '43';6 fernales—tottlinewcastle—i 2,349 males, 1'5,945 'females---to.tat z 8,594.eury-164.8 families, 3403 males, ,1.250males",0.4588,57,28,[1853],1852,1853,1852,52,51,52,51
212,1813,2647,"ili trotio,alkii .14,*40.4mt% ilitilolt. hlltumbhigth • lellmiter -4443trillotrilo; .""--poiiim.""-' . tabwates she sip' kits, 10'4 tranquillizes tae mind in such it min-iiivi; killis, *id tit: 4 a tzt rally to tit ' ' frame. .etrezne: tethier . ,mil b. • ; net that it truly deserves the title of i' pahoitun ; 'ii fool of..._i • s 7r-v4b.. z,,,.,. .. , hatted la --rtetkti lot 611444101 *ip *l°oll4l* "" life wed heetth,"" *dirk criaferred me it by a yowag nobleman,hakec _:, a . ~, *at sciiwv. wit will gloany 'riot i,e,b„,a, with the of saw. wia (away and tom/ en",0.3292,9,44,[1814],1814,1814,1814,1,1,1,1
213,1810,2646,"shaj%. wnwrll atj'yton's no. 2, cornhill, near the mandell'house. the prompt loitery to be drawn 19th of vetemonth, includes flee prizes of .90,000, by which the chanceof gaining either of those capitals is increseed one polarth.tickets and shares will smorm.v use, therefore an immediatepurchase will prove a- certain saving, at efren's 2, cynthia,who sold, in sixteen sixteenths, the only 43,000 prize shared inthe last lottery, no,. 2,763; and ha the few preceding monthscapitals to the antonnt of .1200,000. - •'f' bish reminds his friends that the lorrsayj. • begins and finishes !hel9th' of this month. llckat,and shares are sellirg in",0.4074,57,51,[1810],1805,1805,1806,0,5,5,4
214,1816,2646,"his -rou. flitted. itir the filt•.111101014 rout -cti_tve. t beog sincere des:re (to fir asis prusreabtst).o -!‘ ef the *nvithes of the pnlidc.4seeititutta.; tl, b citoes.. nave etee ett 184.fkliterly of st. mary halt, oztxd; late curate of *ron. mid.dle.ex; and chaplain takthe dmisaser cunntess s'lnwton.publl4lo by longing), hurst, rees, orate, and bee""terms...ter-row.moat, proprietor of the cfri'lr • c uct i 0marc,• .:10. se, c4iilapriiiic -41i,virit an inmate.givauji•y of p.:tot vl;lllvrtial arades •gall whir' , tr•oir thfextreme etres.:o-e or the 'lraqi, king .flird au home itutebit4itivuev thi• put,l c in get r4i to ielv dally avriusi %shuntfamilies run i-hitti; i.lmultra,",0.4781,35,28,[1805],1803,1803,1815,11,13,13,1
215,1817,2194,"celebrity on his mime,it wa iii muds earlier youth that be imbibed thatardent thirsit for knowledge %oriels was never to beotiated, and t hat• he laboured with snch•diligenceand sticcess to qualify himself for obtaining thoseliterary honours which were at once the objectand reward of his •amhition s. he eememberce, touse the words of dr. johnson, that• a blightedspring most make a barren year, and that the ver•nal fiorers, however beautiful and gay, are onlyintended by nature as preparatives to autumnalfruits, the list 011)4 works •sub.joined to this ar-ticle indicates the diversity lid subjects on which heengaged his attention; and whoever",0.4791,54,43,[1818],1810,1850,1819,1,7,33,2
216,1807,2194,"hu thc t tit lesl posslble'value for his payments,...:111()itt being subject to calls, ti lion any, losses wtrat,,vi.:r.iii,ll's itonortant•niut.unprecetlented ,advitutage as pecur""l to.'• p.ro;iastent ensorution. , i •% alitithry mini insured acthis office are not charged with,'`l o(i;trowi prenitumo-titiles,;•cjlled into uduat.service,ii4:42 admission fees are. tequirecl.; nor is any chary.) wale~ft!voiieirs . , , . ._-riotee.and'aiintiities nriy he' etlatili ariy day within""i'''s 04e3, 'which are from 'fen till 1-6""ur,, 'a...n.,., atnilleto oxpjaigiug the principl.:s,arni terms or this11,,,;ut'ul!. is publishal by-nlessrs. cartell arid davies ; end„ (,-, ,ierld .it.tltt:floi3oe mite i hitittltlorf; ittlci of the avon.. 800 seller's, price ceti,.,w~ j ....•",0.4172,37,42,[1810],1813,1813,1811,3,6,6,4
217,1820,2194,"- watarut"",n„,0%.1-itliewsi-e;re,llnd,p,:tis,ot.,.c::tach every morning' ,-• twichwl:itchiti•oli, tarporley, ~,a9 2ltsuni).:,,,, plid middlewich post-:coach, every ev.enrng""“)„.rnioz. 7,',',vn11, si oeliton, and yam coach, every4•llatv4-`aeg.nrge_listi, sunderland.evening-; \rel., .telt, i'inslow,congleton, tie walsai,guavded., sl.l44.e,',llanit,tott,post-coach, every afternoon.the rue 11-14gbao,:k-r,lbltiti14gbao,:k-r,lbltiti rotherham post-coacb, callednewcas ,11111\11,v,ery mnrningafterb;„„ ""%ham ri-t coach, celrded; sets out, everytilat,s.ei-cyaivaarn,(l.. relcl;:ts i.li itng ininiv next. day at noon:-0 5 tieu \tick, leamington, and daventry, to the sa-hu, , , , bullstt ert birmingham.postk'-oa,cl-,,northcave i10;d t , thorn - and doncaster,. .,s1441,2. every mornit'ig • t half-pasti si'x, to the cross i"") '. bk)vil),,,tlace hull. - 4 .leversi:-' ' al, margatf sandwich, ramsgate,canterbtirl',101.,inhtni,•chatliant; ito'cliester, and stroud, post-coaches,1-11",0.4658,26,44,[1845],1813,1812,1823,25,7,8,3
218,1816,2646,", him ...immim0.....a..........,....- e .•- ..e. ....ati.,,,..r. •_ .. . .-...- e 4, i. ,•. .• ,.../. - .:- ..01 14 4:.. i '11: 4' f, . ....' -.'.....;.y f , it. lierd 14 1, .: s •. ..'lit' ' xa*•.l , . . ~art . - , '': ''..,""ka. • ; ', 4 71.... iail • , ..ata ........4.,..... ~,.......ia 03 neer tcl .•)j. • rl'.• 1 . mil pitw,""--■*.• .j •_._ all•••• ini••••••••••=1.11 • •••sales by auction.free:iok? and leasehold estates,kewdigton.earl's war ace. edwari' sq* ;are ant) su fro:4.street, earl's.coup. r-lane, zec.by mr. rubins,at osartaway's coffee-house, 'chatjge alley, cornhill,",0.4786,34,46,[1814],1814,1855,1847,2,2,39,31
219,1812,2647,"siblailes ef. the4 *jr ligirrihasers titejitialw 464: ewe: or't-quirrlst ittaqiiy,,,serseyer awl landtt-tu-t, .• • , ••111481g..trilhom*id fildiestaiere;iikerand. elects, new-ga tr-s reet.• mr. edmunq drayton.oshit-preen , no. bmuir% oft 'weems. by ordir or the assignees of charlessad veybor, a lianksspt,aus the 'valuable stock in trade andhousehold. f rnli' oft e ; comprising 'operandserried broad cloths, ladies ditto, keney merev,' bedford cord*,ribbed and plain sinfititig, k serge. coats. breeches, pantaloons,wine:eats and itahtestat pieces, calico, buttons, &c. &r. thefarnirare consists of talisman) four 'pout and bureau bedsteads,feather beds, matfreherlnii bedding, wardrobe, dressing chestof drawers, mithogiury trafalgar chairs, japaneed di:to ; chim-ney. pier, and",0.4605,30,52,[1814],1810,1814,1814,2,2,2,2
220,1810,2647,"stiphoctestat-ox ford prizepoems, with other poetical piers., andf a varlet/ ofsrapkical, cht.sleal, ortentaviiad biblical articles.hyall 'booksellers. . •,•' where al,omay he had, a few copies of the first number;-csialuiaiug critical notices of bailees jasehylus, borgne-phcenis,m, soul nfi,s gonith's limit, of job; observations rgike a aunt inscription in lord valentin's travelt s' and no thifdentin inscription-- cambritigemsart oxford pits.. peens;itimertation on the origin oluidt rrokresi urfattantase- find;w`riting- a vu t oriental-literature-bib ;cal criticism.*• -recherches sur.la longue dr 1'14) ptc-7greck • and billet'poetry-do ortecorton erbi4-itinito.raphical and clashcat laseiligeoce; with loamy eater. critrati a d •titerstry atli.agricui.ture bendirlid a 1111.1,n ca-of .hducation., thii",0.4609,21,37,[1807],1810,1810,1806,3,0,0,4
221,1815,2647,"follavis theittrip cil mint: of the blast mode.- • sid.r.ai can1m ice in this trowels ."".'""••779 aii.111•11111 station }heat:._in the university, had co,eary. to prevent.15mioritien.ol..i.or•yoat.bnii,...nr000smental/le ai-cmilris, via. f. in 900rilnipli'lls. ll 30=01 draba•i•b•.1110 e course 420 -years exens ve pia.ad • i )1c ...• itin all kinds of fever, in lkervoas • and blypitchonilthe cuss- . iminernes cases of strictures have heen.a_ore dailyti,_ ‘ *moiler-their' •at a 'politic dinner xcristed his deterrnittatien to ••ki• •• -571 q-7 • • ir-r ii- 1• .•.. nt limit ~ricipseatistp fl,coetinint but • ., , s walton in dere di-tirderi peculiarly sneidcnt to the",0.3799,38,15,[1813],1810,1814,1814,2,5,1,1
222,1822,2647,"•""""' -•••••••••--g modosteed. the say irma lior rm. .om se itasesess'e sass dar aflowtossthe turn bat sr to the istestue•stest. sei.warr,r(l),. *-4*.,_w•42.1__ ,7 a"" thaii*l*** bejle. ?'14.61. l .411.1_ immir___ r't 7eseditil"".l77ll,47.abeyer*""./aripsilliativel1",0.3859,1,43,[1856],1852,1852,1847,34,30,30,25
223,1819,2194,"after one o' clock ,on the clay oft>eatry, nor an.f !!!tfc,;(l, anle.i's the forty; oi• '.e 6,2e* nt for2n, attends. "" ' •• • ' ;last india ligpse,selit• 1-3911prf court. of ,direurs of the' • ct.united company, of merchants 'of eng-trt6ing to the'exst detereby give2,•,;13 l3lri:l 4;1that- the court will be ready to receive proposals inon,or beturc wednesday' the iith october next,'otu the owners of such ships, of the lltutheo of fromtuo tons and upwards, registered measurement, which have1104 perfurnied more' than seven voyages to and from india4 china, specif) ing the, rate of freight•at %stileh they mayto let such",0.4799,26,7,[1810],1808,1805,1801,9,11,14,18
224,1814,2194,"upon by some persons, when hegave :each of the ~post-7boys bank-mite, whichsve under.,tood to.be to the amount of 10/.- each ;.thy then left- the'l'office. ;the young man conti,mica in the office for some. time, abusing'theotheers, calling them thieves,:pickpockets; and;other names ; and after continuing this cc mluctfor some tine, he left the (mice, but returnedagain in ;1 haeliney-eoacii,•, and renewed 1-;isofcourse.eollected a-crowd:of people.a boy,. one of, the b•-•,t.intlers, . began talkingwith 'him, for whtch he was reprf.ted h‘ s. lack,a patrole.. y >ung man -,eized lack, got hisbaud !,et weer) his neckcloth, and being,very talli,t(t.pi,wertul,.l4ck wits learly chnakol, awl told.",0.4989,30,53,[1810],1810,1801,1801,4,4,13,13
225,1814,2194,"""et 'ilk; -;""ev-house &c lang is in theili ii ord, -°. gafto • • ' i'. from bury, 10%1005.% ~ 2 fr,bl.. , . n 4 hunt,ti..hl_,ntarn._ i:ejt""orth, wherebtlceielk""?'st comes daily,o1;414. iznrl) • for further particulars apply t...net, 4 am farm, or mr. lierinon, conduit--i\)htland f'rion (if by letter, post-paid).'%, w .._ or planting.sikiq' pi, sot,044,1,t kttio* near five hundred acres4i itslpies ~,u) land, well adapted for planting../sn'ttill'evoad a navigable canal, bounded on one 3:de11 0 tilvinigo'afr'.fi on the other by a stream which itd-,kin uodred jorest. from two hundred •i hous.mnni.i 4ner„ , ihnusand fir trees, about three test12111:et.",0.3795,11,38,[1845],1845,1845,1845,31,31,31,31
226,1812,2647,"till to &mynas' itrthe kingdom. '4''.tiois sal co, 'bawds*, is, bouverioeifeet, nett-greet. when dee. *chance of it appeared ao small; awl a i 1ea the stuntman us if the ?ovum were female •• . • 41/4111 fig.. ' . .. •'.,•• .• • "" i....!..-' .•, 0. . • i • ! . • . - • ...• , ... • . ' v , • . • .- 0.:.,e5.,..6.h......., ,s.e • v • 0 v.; '•""""""*""t"" '' • . • ' .. i. ,' ... --; t • f - ...... .~. . ,. * • ...., . •",0.4468,41,32,[1814],1814,1814,1814,2,2,2,2
227,1818,2647,".m•l iv eastasecadbo .cratedider »nadi aar .0c.04111141a 01111balit4e43,* al ensolltit o'o vw ci 0.31 no ma pa it& mimic •0 mt ito,lliftr'lifiili •tiettieillitfroslvoc • . with 4011paisit, olledielleo.. end iipentielrly- mould hie, , , . , -5)apirfretai:cowert,,,, -.4 ',., - is -0 •-;. '7 z •'' 'l4l*,'- i have oraw•the'bernildh•ltelhßinfrtd• •'' i. continued.to subtle& tßtleb4•9loet.htesormilthole!-eettl'oiar4v iffitirtil : raymertriebrilts. and .cisoirio.driitt a firowwittr,corgessosoderree.iwg of ilia,lright-loaf i-redeem* 5....: 8 'v.-- • 0 0 i)ocusoret*l ja t tots. sao,. is kb a sae pionairof lac . ,1 . .• slott id' pielieft. "" • ? •:•-• ' ' • .. ,..• conlideritleit, my",0.354,32,35,[1814],1814,1813,1813,4,4,5,5
228,1815,2194,"to renew the relati""tcro''epfwhich have subsisted for ages between os' lt""y3',.;qol,lt°france and the l-lelvetic confederation. .a 6 thefat``ptethese ancient relations, had been painful to 115' 3,1;our liberty mid internal tranqiiillity, the or als - ficra • eevents has excited in us lively alarms.oa. lel4!'""it is not, however, the *high valve we set 0"" ) (t 4cable relations, which now decides';iur resoltiti‘windeilitiehdly experience show how much the fite of frao,cet,-100,14eu caged by iltat treat .state,ti),072,rtti;!:,,et: ii.tt;:ttrieit,e:iy-il::jul,,,:,..:::ceilif,(cyrthe present, and -eonfidenc(; forth"" tatter"", or ttdeprived of those two advantages no peoll;e cr. p;il,o'rinaillere:ice a new reyolutiiin break hitt: in fr""11;1;00""larly ourselves, who, from",0.4885,39,40,[1815],1815,1815,1815,0,0,0,0
229,1816,2194,"basil ounde,-contintted,however, in etrect to execute the office of assesorand collector for [MASK] sind sithsegoent years, on-der the apicnintment made to his father, %vino didnot interfere.and beiteted with •mr..'price to thedeath of the latter„it) 1512.mr. basil tioncle, during all this time, made.0111 ,i)(1 signed the 105,5 sllitillts in the tfatite tit iris;13 assr,ssor. rle afterward sigriedse:tled their anthentieity in the character (ii cottr.:;niissioner, and, as had heen his p•ractice. for for-iicr. year 3-, alle'd.op the printed tickets e, re,ceipti;wi,icit price delivered.to persons in c*chante'fortheir taxes. prire payiog over the money weeklyto the defcnflant, and the deft tidan: e;encralmak;ng all twayinenti,",0.4221,20,42,[1801],1810,1816,1816,15,6,0,0
230,1823,2647,", . -ke •- ! ;tale heater. oe ttte ""'tirol in town to.day, at once, price of stocks this day at one °clock.. such a period, we shell postpone them until after the trial fident tone, which wss dietiheity battik, • • • ' -''''- 4e s. to * t1111*- r .**lr ' asissltaitlft.. fifeeitfled the gig and home r o have o„hetnet 216 india stock ii of the prisoners. for the same reason, we shall say nothing3 per ci. red b3l 84 ditto bonds court, •• rat lily god anstierrenrcountry.'"" , • %ate -,., ; coastliiiieletti.. ' l:.• ..-",0.4433,39,25,[1813],1819,1814,1814,10,4,9,9
231,1814,2647,"isporatdo of three pounds in silver upon her,. lying near the oostflitence of the ude,"" wish there"" eleple77 iwt...adman frog whreasta trete ' '''''*gong which was a half crown-piece, which prose- mon, in weetyhohne, nestiaerniug, bat the'sbor elepled r''' ' going off retry. wi with red ""and .erhite ' , i.,' . - ''gteetill idectilled. prisoner committed for re-ezemi. ohs 'not yet been disoitered. ' .1449. '..• , • ' 'oss.attiof thew •i ita7 'or g'ro will net baldedierint ' : . .. ' • a few &is ago, simon saltoettry,: a lalsoutoas $sp - • •if ereployrneat be :;,",0.4179,39,48,[1819],1810,1819,1823,5,4,5,9
232,1820,2194,"with them.mioislied, of some other triode totrod ot making- 2 •-•., ; n :1:: - :1- c- ',l';-t .tic, ,the retui!tat'sces., k-'' = • s', •'' 2.- •- n • =0.. ,-,.. c, it appeared upon this examination, that more05~ r. ..--; kr- . -6- z - ;:i than 50 horses have been lost, in this way by dif'file prices of articles of export are already = •- ---4 , 7. 0 .c. ' • '..*j' ; .0 .4 ferent stable-keepers, but the prisoner was onlyso hwy. that little retie 1 can be hoped for trtini ~., • = ..„",0.45,1,53,[1814],1813,1814,1814,6,7,6,6
233,1811,2194,"tqu 0 0 cavalry .codutiand. 'llestrs snow, sand- . s;1 by captain...by, prsiiii, andßos- i. . ' long . 21 0 0bats tons o • o rev. dr. price to o oits, init. donne 5 s o lady euithe stewart a: t amiss*elit. °cone 5 5 o- h:.turner .3' 3 0al armanuke cunsta. , robert •,teven.son, .bleklax.welgesq. 26 5 0 t'sq.121 ' 0 0rev. rob ewiss 2 2, o mr.kv m t;ray,boitd. .mr. edward gila-oh a 2 0 sit.cet 5o .0jas. chapman, i:.sq 5 s, 0 loot etlenuorough .5o o osir lohn bileilield to u o* edcv floitinitt‘esq so •",0.3718,8,44,[1807],1803,1805,1815,4,8,6,4
234,1810,2647,"with its in fisitting an end to it altiote. . . .ic the clause passed, the lady as t4e coot nob., . thse. milks - 07 u 1 moods of hi. fleeted,' mid the public at his prerott ittice,ther. fp! ""a most anxious to know what. bait •.food, entities to 111..___p•1111, - ti, 7, 0 no. 4, ciun ill we. min titiablt44 •`4•4`o ""a 0n own isr- our any other resunree thaw-that of' seekieg ptirorbeen :band once. if the oftjict of that .ailiing.ll. 1,11 ''• wail law rr*. ito . .assewasole.san - i a (i coast, mid where tar smallest",0.312,55,47,[1819],1819,1819,1819,9,9,9,9
235,1813,2647,". , . ...,.„111'aer - darng t pled repeatedirdrovrl era irsitlltre4.•reseptivaeof frame aid holland the llth alt. on a cruise. •• and abused, it may degenerate into a eerie; and,.: !ile awl% efe:ear7inetreet..176 ° ipnint:ll4-6ceslltrsl.lcril 4"" sl'l4npit . •ti real. ' ' ;her shop .. •' 4r, •4 .-• • • • - ,- ••- • - . .,stkits4* of wlacli tttex itft).crieed:--- -; ..arrived•yeateday the sandw kb. packet, with a mail from from being the very •paltli die+ of liberty, be trlllif• : tad y._ermiam dimas,. a timber.mcattaine• of. the .cite-rend; had ..uuriepithesi cffil*! :.sl9lot chriatfat,tecetfe4l aaiouta. ;he itnesibr,",0.3755,16,42,[1810],1814,1814,1814,3,1,1,1
236,1810,2647,"the s tatesman.n 116 ntt tsda it, sepla:merit •a gutteuhurgh mail, .briughsit gerson papers':'tn o tate {law, has hem recalued at our cillico ors>snurttitg. • 'l'ltc a beille': tits.-*nri44 sit :the tthe fulh)%iii6, ex tract • uf'a iviter.:fitn pari9..141# ttlo-41st ult.- .41a1ohal tialiatht,. • kismet or fatting, .has;pihanouvred m such woman:wet to force: olelietrarstty intertugatto essiese. •eo a batttoz3*liatrvittty aapect tow ‘relytilt these operitits4:4low sit!aisletiterimo* .1114.414 10.1).e:044 in a .41)arinent•-k ttils; 41,*10.11,9t‘ekese4ymnner, t9onour,poodoti. lo perm* arai ruminoic tberarticler-• '.•givers this day (rom.kho'jnornel de .113wirire 'ltis an old maxim, and a most true• one, that it lawellto learn wisdom, and oven",0.3246,17,41,[1814],1813,1814,1814,4,3,4,4
237,1811,2194,"reading the •ittsousecond time,gt.p.l,lm,r was consequently depreriste.mr, hounap, for the prirpose of ilivit:o4,„hiltilttrollnres( .lut loos recut ded on ihe journsi""• ' ,s4ailt 11'''amendment, to leave ot3 11.,110-v`e'd.lioi 000• u'ord' ‘•! ti 121,“, tot the i,urpose ut up°a .. t. •t somtioni. 01' ed v:0103this amendment was vegan/ - ,vision, • • ' dent,eoiii.mr. ca,nnino ahlud the right... hon, ~ da..v,. ~, bid) 11 . 1 iii(• opposite, whether in the mention .spot,'in his, first resolotion.ot "" the right lec riolto,ll.and regulating' the itsol money 0,1 ',,,',,,ive, ,i:,having been 'at all titt.e. ~ foyi,l ''''''-'4.' °l:.intended, to imply that the preroge",0.369,54,17,[1813],1813,1810,1811,2,2,1,0
238,1819,2647,"*vac. lied bee sow ...eaa 1....and bad an allectiouste wife labs was dplag with imager. tire .a„erebee, end weai.a.i.ea, argue gm tatilaaaa.aso.ammt.piree *loch he had hers wooed or bevies °oleo, he .o. - ....,calfscv to toe ilsespit,l. earl me ulbcf child to st. tales'. ow k-tersely *ware is have found ism si. j111111.•-slfttl. flit bile ulla woe, where be, death 6 wed,rapered.whom.addrd.ads hg guae in r°ey.°°a ilbe sel° .perm tram bee' shim fraying ass nut is the bah. as hustled bur amt., inadid only keels whoa *oath be ilmeasseqmore. 'i he orlierissi.be tend sodertose during leapt imiathein is etc bei",0.4614,28,42,[1856],1856,1856,1856,37,37,37,37
239,1813,2194,"9d. pi* bottle,,,aut in large botttets,:contaittiog.ten. s,i;til; i. , . •",0.476,40,51,[1810],1814,1813,1813,3,1,0,0
240,1801,2646,"of ity• *orr tld bi .. ebikit, ..' •• • t.i ; 111111111,01111111115 *xl 1116.1- i • ; _ pahlillattesedss it too 6 brad& -.3111.11* • los pot fv. caw id„,,,d4 host gemoift •600 „s. awe cfkihipt. .uf.fultut abbeii of •:....in f .1*.olj• . 01/1 . ' ... isalatcl .. 40410/66•10.4a net; 0077 - . . atilsoi.ist landow.; ist to meath dave. wm 8 1.8818884 atradi3erdba soli3 by allclaowirpl;p7ito• ~ ~“ 4.i., 0 - -,• • , vr. .. $4yrp,.._ ittilms wee% aoss4 of t lens to 190140'*111.06 ••• ! attibe mira km, chltheftee ea if ' f ismec. '",0.2743,30,43,[1814],1857,1857,1847,13,56,56,46
241,1818,2647,"• .aido.fro , ithte*plais• is flee rris it. nseel-luse* s 4'require cocoosau„,fruati on osedisaria.. ...um.males 4.1 distreillirs aid a erect a ow • •eady• respectfully tails dps stosibto at sheerwele-retth la •• 422wity...,,,,e, ibi , - • doffopf: 11"".01) knit, on 4 se meercshy ser.rige -in the, 7.7174,- hnilh4eleent"" ""'ld heitlo44 by 44°!-- '• ,`lis peculiar and most ellatleal astbod of sett, *alike t ad- -...1 _ the wea.. _ . wet .. wry c""toniphilinn.,d)et of such 4 chaos, what prillputlitbrest doing for them is pertiesteet le ~.:, -'reneging empiric of the lan alrei • uristaal ss.' 'boy if present,",0.326,28,27,[1814],1814,1814,1814,4,4,4,4
242,1819,2647,"etau bee lielood, wed peek. d 1, 1411.• 11 in 1••••11 awe ache la*igt4 bee"" which he owl. ti does aid ilkiitert.l al ile*met lerrieut. he ph it dews. as the olion!se twee oesekrepor. as w..shit cattool.on tetweaoreed fettle/ the util))lawyer he she 'nmi lee humbras it 111 a. al owwilt ere i.e had it , be dad sot erns. other nowit after he onivedla leer at llow vette renthie veda* imam woo i. tbe wane. ho did sti 711.41%1liewper till let came to iho white -lbws- cellar. rifelamli..-aped sent le wove/ al flattea.gterdes so the 14th bast, hs111 w,",0.4818,9,12,[1856],1857,1858,1857,37,38,39,38
243,1814,2647,"bale,tilithinit...1-1=1.1,41aalospmill killett niamiaii.to lio kasigfir-easign charles graham. ivem hie 0 _~th.withal* omani* trink--•-•*-, &creak gem* ntrelmellirct'l tit . - .~. •• - st---,tst be, aditatset-h}asign john stewart, vice brtigio,aptio • pewrit'icatesa--010. thr`tboted. ' • ' 11. hike, teem lodi, derbyshire. sicianiltr--w. taylor*dials. george novrouitatp. gil*. ito be ensign. hrpondmplo liverpool', megehtsat--4. brook, almondbary, tglititittiftayheyaridge near hitildon. assocs. 1' 1 tice kelly, lam retires. ;4olaet*-71t. *4w, ,parebam, liotsetsiiire, dither: - 'to monsters, coal, lime, and timelier merano*, momeoil. anis._ glinlirgia ain k• jithei itbilikt n'tt'a ilb, ith '701144 0 • iliairtneltswips nissovmd. • •• ' ~'l. :ur am.. stilahseggya, vice oakley,",0.3503,50,48,[1814],1813,1813,1813,0,1,1,1
244,1810,2647,". • fiance department of that country.—ordered., . .or inventor of the present nostrum at- having only fite l'ltirusand numbers,.. with. two liaadrdterretirvortlineviiolvanirrolikuteratere. • the lion. gentleman then moved, that there -ptlblic a/trio* : but go hi; uncernined ; thounsad po4llllll, to prizes, among which are • • .ett everted in discovering the. means most emit yca t'l pals; • • ... -printed foe •ashaliielotrtlnst. rowe' biehaiige i anal. 'be laid before the house a copy of the patent. ,~t degree of eleepeore no edge jo addition to these, the public err preseoted with four .&johnson and co. st. paul's",0.4664,47,29,[1810],1810,1810,1810,0,0,0,0
245,1814,2647,"in tweke is clock, entonelt u *tit% &matbiu.s gold titnt gent arrived, escorted by 4, early-of lore guards:ins ofihe most infamous prsolectinne 110.. .is' ig together upwards' of 34 hers,which hie royal'' highness- was received' lb ftelleseribe h. :;ed tie british press.'lace with military honours, the band playing obi-*w7l-""""i'lh° i has bweisleen, l:adedat deal in broad-wheeled et'aggofistie,. and especially those. slid under • ' save the king. • the other brooches of the resell ,is ..• • to londo • oder a strott. escort. ..state ; namely,. ills duke and :g °imminent,.have eapreseilip their sew: a , :.•• otes are",0.448,47,55,[1814],1814,1814,1814,0,0,0,0
246,1805,2194,"n 4 i'4.l newsillcplymouthdan. lg.—arrived the spanish shipmemo!, laden with hides, &c. from buenos ayres,last from ireland, captured some time since by thephosnix frigate, came under 'convoy of the rosariosloop of war. •arrived the crettent frigate, from a cruize in thechannel ; walker armed ship, and starmagun-,brig, from the westward. - 'sailed the queen, o'l9b guns, for torbay, tojoin the channel fleet, and several coasters to.theeastward.the•h'alktr armed stip bailed this evening forportsmouth.portsmovth, jan. 16.—arrived the boadictafrigate from plymouth.sailed the merlin sloop of war, on a cruize offthis morninr„ in a hard gale of wind, a man of'vat's boat, also a",0.4844,44,47,[1810],1808,1809,1806,5,3,4,1
247,1823,2647,"4791,tfainfamt"",m11 in rilira/cik irdp are ofter/d 'otattiith • 4iit for thi ienvelof tri.e in pie' nighti; •, • • .r;felg '••• • • • .'s • •• • • • pm& gm. •al • emi • •‘•• •d• ore-it?•ftmt, jo st, of 'pot. into tt3an0ttiai414.4411.141 ‘l.l4j§ir, usepage aar. ;:.-ctitbisql4,• • • ►044. .9t ',se „• pa. ~.•otif.l.•syder2r. ev '!..t...*1f.1115.161 /away ‘.""""i..* • vrift"" salstier; • '2b • ........ , • v •• glawatiblipitecatltykousit es. vpialatioti thigaroilogoi -riqn or prrettba wive. -oldivt• of i ot• ilk• ipitted from the returns made in the week ending the vi iteilfelly set on fire",0.3297,38,51,[1814],1814,1814,1814,9,9,9,9
248,1822,2647,"was the • lisawe three times is the daily sailed the . bishop of clogher. -c' . we do make. read. sod prentelge by dose }swam (jaw 0 w ap mot g dayststissi•ll.monatialk/starfor. and • •trasailbc, • • _...eien--- tines regmirimg). ails oboros ailsimpil, is foreign oiciiiiiiiiii.. .coci. ills; is!!. the pestle however, appears to have enheided.-within no wire ef dris meet after*, making yitropolit•di 61:1111t of alli/dago,_*it 'nee. mobs** estakseaky sod olpoilsooe to this spanish booth reveals steady from is to 1.-au thekowidat. list °crow, [MASK]. .f, ,cries is maim' *sloe teams 11111•1111111: • success of the .00nstitutional troops",0.4944,28,52,[1819],1823,1823,1822,3,1,1,0
249,1810,2647,"a swistraw, wellin "".. '* • '• •c • neiroyal chad*evil, - •, sh nsv r limp enda ltotherhoo peak -' • illit - •trightuti, every morrily.. , . , ~ '' • 7ismeorlit aco""4 st i fif-li, u'stinage, filielipliniel sit.i.past coach, every afternoon, by 'dad •co. ' -hull., plartheave, harpies, tlfltteark poocoach, every morolog at seven deleek,tetitat dad sus •111112,' myten-rate: han. • ' - •''• ' • •:. - .,nv i ens° a coach, every. aftetwart at quatittoittek. •, .itztidtorreon asi and_edinuatini coat, daily, at htillitad.tea, half past two, half past raw , . half prittuevenbiclikh, 4wax sw",0.4056,43,41,[1814],1814,1814,1814,4,4,4,4
250,1803,2194,"young gentleman who, performed othello fel the td.tint; was lionour...d with the loudest applause-11c will re..""peat the c. har;teter in a few day!:, •.. - . . ''.. i',4,1111!•' ~?ii.iriel3 will bepor#lotltcd on ;thursday and s,t, ,'4"".""y, with the new paptonlitne.••on i:: iday, 'ube mini ofihe wdrld. ; to'witich night it is'lied, for the .3easoii. with the new. pantbininle' - •4 young c.;einletnan wilt, on weanesdaylile td of febru747, perrot-in the character of ilandet,rfor the first time.*""'""-""-------7-7-----77---,-, ----------:to tile curious 1:4 visit sauce.. ,ti-ii?, nobility; gwnitry, •pnct pub i„ic ina general,''are respeetfully informed', , i 01in burfa ss;and son% genuine.",0.4283,59,35,[1813],1801,1801,1801,10,2,2,2
251,1813,2194,"very material diminution of the larger6teilue arising from indian importations, but would hehighly detrioicotal to the, mariufacturing interest of thecowl: y cus it is all hidisptituble fact, that the f.ireign mer-chant, induce' to come to att bning the sole1:m• indian produce, purchases tu it still more cousider-itoie extent the manufactures of the united ningdoni.ltesolved, on the motion of charles hampden turner,esq. s-_.c.nitletl ltobert 'fitunpluty efq. that in)advantages, conimensurute with these - sacrifices, and with t liewhich ‘vould be sititailied by the numerous classes ofpt.: sous now t arryittg on thi: trade in landau, will be s,'o-- by the pulitic at",0.4544,26,39,[1812],1813,1816,1816,1,0,3,3
252,1819,2647,"rewirr 66 sasecriory is producelartkor *mew* ?""mr. feetalts. —a felssi.he set! eel that be lin355, mo. atiliasso. yaw ilt.e tree• mr kelt i attpol ale witeavrios the beset'.hir..t swum .epirred the wirithr.mr. lit eosin (the maglittstr). —i would have was. mr. at-tain's& ipownial your sea diownwiew. l will beet limb side*.mt. ate.-1 do sot with to dictate to the omit as tolimo the is be ricaw4, lost i woweries ',were slight to hemrasdie • bee iris ws noird themuss ow clerk).—the wo west be shed ca biomeacseast. awl lie reldesre wait he gomamr. .f•outes.—ll sib tbst ell the evideber ibeeld",0.3935,17,34,[1856],1819,1819,1819,37,0,0,0
253,1818,2647,"of these applies.tions determined him to.ezeet bis.ututostitrflueneete.;went a third time the statement,of the .revenues/110ty floes beim% laid before the house of com-s. who coold.tell, but that in these times ofrs, when the jewels loveliest, that the minis.aesn, after baying rattled the coffers of the treasurymil found them empty, might not come end seize the,;property of the city, end instead of acres, might givethem something in the funds? lie as not afraid ofthellerjeent at arms, and thought that if the presentseftelmon•ceencil was not honest, %that -the livery,1&net the 'house of conmoras, had, a right to later-and to etadicate the system of",0.4923,4,41,[1801],1801,1812,1816,17,17,6,2
254,1813,2194,"; johnson and et!. ; .atitt4.m;son; ' •of whom may be lad, by the author; .an'lntenditutiott to soma it,. and nautical -).strononiy, thq ,- fourth edition, in it., i . e;1.thelqirt,atetgenl ti, e:f6artli ctlitivii, inlet; gs... •••abtro-nortkico colltlitaat own, chiefly relating to time „tn.' tint il'44`lvatoe/zprt‘'c.i'l;• .",0.4184,40,52,[1811],1810,1810,1810,2,3,3,3
255,1803,2194,"in good repair,' aad there is. tinibervnditte:ent lots more than suliicient to keep t-lii111:"".0:' •. f:iirther particulars may. be 1140 by•irrptifte-.:t!;:;[MASK] mr•• matthews, of shelderton ; or messrs. l'en:;f:it.rtp•tr. and coup''land, in shretirsbury..•., .. ' no. z 9 •atultdii‘stract `, i, t. 1,3 ict(a.'ll' impettiosor ofx fos,ion,.and the ctrini,i•. (tenet; of (:etieral•gaidiy;ll.o.st involio 71 ~,,,,,,idervi,l4portion of the community ‘iw.the si4lentrico ot. thr,a: dt,t6r-tiers which are destined to belik4 punishritot .if iliii..;t .jut'gcnee.and since the titre of m'inkish superstition, 1-1) bi:olle 10,$ 4ttriqll:4,,c) metliertl : l'fri+ tig!,,..r.it for 'ht.. e..y.1.:-littir ~.. i.vffi('skill.hr.the-removal ofthese, co:nplaittts.ai metlicai ability cannut theretuß, ht: more usefully",0.4894,6,47,[1810],1810,1805,1801,7,7,2,2
256,1807,2194,"st""!.e',-el. severe., courses 41'and twim cli4ettittged fr,in. the i to..pit.ll, with ;it;;: itjrrw,..uid appear to' .t ;it mese ""inveteratespring of last ye.ir had get to sued} a :-nearly to,put a period to my existence-,-i,:ad a 1., rgeon the crown of my licati, one on each arm, and my 11, • •were broke cut ins frightful mower ; :nyfully painful, and 16,1 be...ndin a !hart, of ulcer.tti,lllast seven yt.4.tts; trty 11;vt wrge....;,;,,, on ira-wai very mil,;1: discol,lre4l pive me sccaing pain, pactic,rlarly when warin. in !wd;';',;pnve me or rest; this' larttentkbl..:mended by v.r. j tn.mtpsa,, ;n.:no .;:e3t, acare by them herel,",0.4668,32,32,[1813],1813,1811,1805,6,6,4,2
257,1814,2647,".....• i.' =,-,. ~ a,./• another petition oat pterelee al nwar.st. andrew's, 'holborn, againatisiteratioid - ,•oa the third reading nf fig uxbridge ras ain; tot(yon,iii the ithiente of: a out,:e errentl.;_msom* the 13 lir ..account of the exorbitant tons (arnung ott, opt of 40...,.1_vehicles with sit horses) imposed' by it.'...,the bisborrnf carlisle supported -1110. third reildittar#theground. that thq tolls, though high, were at:canary front iassure of the road. • , ''earl s'fan hope knew nothing • of the bill. hot rejointil..that it had produced such a phetussensoas a diferttioce of spiltnion between the hloble herd (licnyal?) ard"" 43,,,p1ead; gildbishop.the•hbnie thed",0.3807,43,56,[1813],1810,1819,1814,1,4,5,0
258,1817,2194,"s.)had nil doubt, from his lordship's known' tcico imi to the ditties of parents, and his anxictyrespecting every thiirg where moials were con,-' cerit,ed, what his decision in this instance would bc.sit a. vtooterr, on the other hand, contended',that at his client ' had written 'this. wink merelyfor his -otvir atimzentent, ,withour most diy.taut itiet of his children seeing it, it was'extreme-lv jowl that be should be deprived of alio exer-eke oh. hit parental. rights, as the work w 33melte of ofseveral. counsel on both sides .wcve heard, and'•sir c, romilly •his lordship is to give his judgment on a",0.4836,47,33,[1813],1810,1810,1809,4,7,7,8
259,1812,2647,", • , . .._ —-1 csyetano, in which a practicable breach wag effect..„l,k forewonowltn.pe wiring% arty, 1 'eh.; sisted oci """"i "" 40iit., 4omppile4, to. leave lie. ptillegy,3,sgirssp, fr ; . ..nwan/1,641 tinami g. sed about two 4 on the morning of the 27th, and .;hiskfi.:4.l""_,lawiadr .1414...a_'r'-'l,::::::.,,t4"":"".'sa`"",""r'l we had succeeded nearly abosit the same time in set.:artiawounded, behind hip.; ic, we arett9:l""l4llmiti.l 'l ""'""""""” was """"''""""'"" th.. .t"":_l.l.9l.kre,'"", ..""ytirig fire to the buildings in the large fort of st. via-ittitteefellig codtaiaed 1* tho""cadis pole* 'oa ow, meads*, . soolterehii fdiieposiu w°u'w•i,""""ly"" l'r ; retire, by the fire fromwhich the",0.4077,32,47,[1814],1813,1813,1813,2,1,1,1
260,1814,2647,"f'. _. . ......., . . .•,, • = • ••- - '1640 • .- . . 7... c., . , ~.,ort... ..,,- '- ' --- ' 3/11178:pn't .'i.• . '.. ..!-... • --.- '`-,,,, • :•-• . .... ~. ~. - • • ~.• ,. „ .. ..~ - - . . - ..- .. . '• v- .....(010'• • . - •./144...,.. .....;"" . ..,.• •-•-•3/4-ii. ),•) ' .4i- -- ..,set .. , . .l. •• •.• •vt .a. c -v ni. i.. vp 'ti : 'l' -...-. • .....• ...... ~irfr""t 411111.1011""""a'lr'""•••‘•""*.4%tbr...---\=---•-4..- 7. ~.' '""=""......----7r....111p- •-3.--:•-•- -4-0.-e-016.eiii..........-..........;;,...,..4,................7.,=-,",0.2943,35,37,[1814],1814,1860,1860,0,0,46,46
261,1811,2194,"hefound in letting his i iod, aud ire told hitu.that he. could ji7t the 1;11)(1 that was tithe.dree tin ins. anad-idle:thaw tha' which was not.•: ' he then askedturn what was t.e amount o! ',the mn', aid lie said;,turtltyn v:dice an acro, . sp n 0 ,ii io, this:case, if theila, wcre r k .ei- away, ;he occupier of ow. land~ oind ritee tile -fourteen pence an acre, ,nitf wouldt.int: to pay an increased rem of t os. if thereforethe liish peasmit leally.understood tits situation -and;hi, true interest; he would trot eomplaiii ot opprea-.ir""on upon ttie-sobjeta eltilli-7. another plan winchhad",0.4693,42,37,[1813],1810,1811,1811,2,1,0,0
262,1813,2647,"•• ' • , s., •• )• : alat,e 'i , •• - . .. • •• i s . 1•.,,..1. .1? ~ ..,.. • 4/44 •• , . * q ...et' .• 1..••• si••• , ."".• •••• , ."",„,. .....0,:•-•.- ,'.. ~,, ,10, fir' i„ , . , ,. ~,, . : „...% 41 m., .a ,~ , , ,~~~_ . „4, :.0 , : .41. 1.. -1 ; 1 ..; ... ;~•):..• !. - 4'.. ~,;,... • ~. it fi""e, ;i. tli .f ,"" - :1, •• :, .., i 'r., ..,tra.. ;'.,.. ` . - ..- .",0.4179,28,35,[1814],1814,1814,1848,1,1,1,35
263,1817,2194,"distance from you ; 'boughthe ocean will roll bet wee() us, not all the bkir •tiers that nature-'ell as art,cancraise, shall he 'sot eient to-prevent you from :reading si'lkike ;pry-,~.u.jr4st, of what i write ; and, notwithstandingall theowrongs of evhieli .1 jwtly .complain ; pot.;withstanding all the indignation that i feel ; not-is,it:estanding all the .provocations that i *have i.e.ceived, or that i may receive, never` illan there •drop filial 'toy pen any thiug which, according tothe law of the land, t. might not safely wiite andpublish itiengland. those wiii)liave felt.theio,selvts supported by power. have practised towair.,l4re ,f.q5.k.,,i,i.4 with., ,treasure;",0.4242,39,33,[1810],1810,1810,1810,7,7,7,7
264,1820,2194,"should have condescended to re-•s:., ' tri..11.11,4t1q. nortiiiiin.ptonc)welford; liitter,voith. hinckley,into society by which a man msy corer into the ia„:a 0 . i‘;,e,,•\valai'.!•-a,e, lichfield, stone, itugely; :newcastle, knutsford, and evening papers. turn mr. nicholls an answer, infoiming him thatsisa sti,,aritil and pi es-oz • -most binding engagements, without the means or ••''''.• iitt .• fe''.', r 41.1178 . , • ' ""_ . be was labouring tinder a mistake, and they~*„.,t ers e a lly, wellintrton, and shiffnal, post-coach, --,-the intention of fulfilling them—that it may give a. .-7: 127._is ivey„ced lie at eire a'elocli.--gearded. . . royal ac ideniy,",0.3693,29,46,[1813],1813,1809,1823,7,7,11,3
265,1811,2646,"the treatment g41 ibenerfal,[l•kapicuts, and thee cjerangenrott at theibal whtelt.is dos oya eswet,ce of the prrnltious and wasteful,'.habit niihkftpily peratudtsy the touren ofl•otin dm iset futriatwbe-thiron6siting waled id.nest ; tea• *ve its ravages family developed to them itres,s'.ns wire off &altlity, which, if wa tinsel? remedial, trrin unpoteom. tiltlealft its re:parsed uwmate effeets, wilsumptioas,„loss of museu.ar power, and various nervous curusually characterise the metier wages dflitiandkary vice.",0.4663,17,44,[1819],1810,1810,1804,8,1,1,7
266,1818,2647,"ili ' ,tit! ', /alma styli a ••011110‘,1! ''' wv- attiitif* i hititrfrit*iii-,t , ""atviokikettist ' it* . •.iporsies, it may-ft proper for me to say i ward, which my tiornmehicaih with- tb ' polfe - • . •komprt~ •• tdohownitritepoopeeissik4oo,pdm%. ' 'tor '• - .o.d aver, few than, for the pr--' *lo . .14t 111wafit wnw . nog .1 is perhaps founded on reality. air • . te. ...le;444-,:.' -' , feilhastords of tor .le' ..11""ilinitio ...it '.7at i '.. '''''. . - ... ' ! .• . . • 'thole progress round this dreary tity -•• , •",0.4462,28,38,[1814],1813,1814,1814,4,5,4,4
267,1814,2194,"c't"" '•if 1,tertained for the safety of his lgair""fit:e'r, 'd,i(smattporpithe 2dndptaesidedpt:oeffis;bisailand the lai: e:::.dart) lieut. thomas allen, com,oii,- of 'lllol,supposed she must have upset in a. g""'..,e „1:401 etas she sailed from . pernambuco fa -i:i,e9r;the 27th octohet last, and- has not bech :ii•since. . tlisl' -' l'h°' brcapt.'phillimorf',, of,tbe eurotas,,,‘c•tiati 5)guishecl himself so notch duriag tbe.`',„tc, '.tol,tween her and the clorindef:cncll frt,(1..;,%0far recovered from the effects of his ""''',`„,lll'l. be. able to leave the hospital,. at rry:' ..take private lodgings.edt er,j,lenaval promotions, ~ of '_,'; to -4.capt. r.-o'contior is promoted to the tall'i.,,etot.e. ;ii•taro; lieut. av. hall, of the",0.448,7,36,[1813],1811,1811,1844,1,3,3,30
268,1804,2194,"ship. , .oitavir,srni), oct 23.passo the harry atiria,_---.—, two firothersjel""strn, young peter, whese,and v row..girgari:tta, gal, ironsrotterdam. . ... . y,satled--the tarleton, stoddard, for i)e.mcrara; j3etsebartlett; for gibraltar; .sptetly, atkins; for attica; edi,""burol. thornai,..for lisbon-, sif:;., ichson, lot i.)ltldi!)_lploughman, smith, for stettin ; n.aiti,..,,ti...a, bra o, auoisjana charlotte, nfalt, for embden.' ' . ' ' ____..—......' • •ycstcrilay morning, t !link-house, 111crton,'nys' pctriswife °flames perry, esq: oi'a son.mar r ile o. .yesterday se'nnight, at docidin;:ton church, kent, ,altitecihe"" f 4sil9v. -'• to. miss wheeler, of charing, ut flirt}:nty. . ,lately, wafter sfrarp',eirt., of gower-street; to miss 0.-.mithethro, of russell-square', .",0.4638,51,37,[1811],1810,1813,1808,7,6,9,4
269,1813,2647,"at s*ll3lb, abr 'highly advantageous to you, as you cannot proceed hi, cabin for safety. on the 9th inst. -the 'sliiti, was .posilitt,roar betook the bill na.thessaefunce in bialeviag' way- of. • , . trwps-'---ible and' his countenance assumed 'a awact 'pi- when the prisoner 1-c ner ..-.t the ship ivithout lair permosion, and oakh c/iee 'emir without imminent rito ' •siuessi and that the orerpter, or.-i•ervotit,'•••air 6 dealer (0 is singly 14 -i -st, .5-- s 1 rd. th. tub of silver away with him on.the'f av following. dor, us appearance of anxious sdlicitutle: :,isi... ~.is 'the . .",0.3429,48,42,[1814],1810,1810,1810,1,3,3,3
270,1813,2194,"tats v. `katt.. retit)9!.. this ryas a proceeding for a divorcu'""4l/ ird iof adultery, prom-oted by-'mar garet ;' sc,lc 1 arrosi7tiloi.iicleosi;eet..s,iv:ioroed,iiglraaitiels,:illisnli.• of •o'''''''' ). . l• :11iit appeared that the marriage to""klo, reoiitit. jame,itil:,(1111,13%0i. t tini. 1 )_. o_uia.l ,ippspi'..ol.e.ttlail:tleetlitiltifech:li:ltisr. lire(:il:ie(i)1:,sel‘er,iy:~otocigiotletit.tifiliiii ti).veiled1 41 ,i ei t,i,i,1:t.1,.::til:::;i'dence, in glocestershire, and subietioo.,'lo oithe sr a''l18,1 0, when mr. yate for t 1 crilllillid:,',leto 1, i`..r:th a person named alia povelli 1.-..,,1rvt1oct:t(iy1.1111:::111.1.ectiti'ele.i.trrce(te::::111118rileielillh:et)ei.csrift:i°;11111:111:15:citle):11:11t.criallueil:tlev;d9dell:;icile:1:::111:::stgl:c11:311n :::::1::11:::::11:':11'1.14:11!:::'11':':111:ir1:11:::1'lidipi:esenut suit.tit:(11ce,rtiiiite:.1tiibey:bringeils:;igt;:ii, eibeiliallpir)eb;:irzrnytt:;hldititatelocs,fsc:l;es:t.a:oiticsaolbit,,itilits:icioroplic.l:l°ol:..eivieliliii.,:!::l,ll:l,l6'''s""c'ety ; he for a. length ot tinlc ""4;j,rvelf 'lcsv:tiit:iyiteiieg, __la).it'....::e-i,aeor,ffiiirocuistlevialit)silayoefecrisotipibii;iisoirinje:4l:lllllthatrt,'1,:1'e)..f.,,';.,':111ole '1 d '1 nt:ettil ve• cds. of hirs. irate for lu't °'''';'°.'sir wm stchat the wel.e""oll' iii,',torn),ex .",0.4262,44,44,[1814],1813,1813,1811,1,0,0,2
271,1814,2194,"of the third llanit,'mr. moralt.:the vocal pealoriners already engng;e4,.aref.ma-. vinl.-i""rasi..ni, signor traineziani,sal,inon„ mrs.'4""l, mr. kellnei-; :,i,.'crolts, and mr. braham..,ttrthr partieultirs in a sett play's.tf c,oucertg to begin each day at noon, when the interiortie 1 beatre till be splendilly illuminated.sit, built expressly lor the occasion, by messrs.40d robson; •physic and ch,eniistry.ip • fruthill, of- ctius college, cam-14.idgv, frllow of tite royal society; the royalknee of physiciatts and isx. the westminsterilfaalt will begi s; ourse's of lec-od ,n„.'s cut the ice of pfiysic, on the la.wsti„,,,,-vviltatlnns of chemistry, with daily examma-ikly,to th of the student, on mon,-t4e gth of jitt, --asttsu;l,",0.4548,40,55,[1814],1815,1815,1815,0,1,1,1
272,1811,2194,"of being reinforced.—it in said that sebastian' haft bean obliged to alma-dott his intcadvi expedition against murcia.tattuacona, feb. ist.--.on the 2d the enemy,with more than 2000 men, advanced towards thetown of gogatt es, with every appearance of an in.,tenti,tn to take possession again of the oity.of se-guenze, according to his repeated threats; but ourtroops, notwithsizinding their inferiority in point ofnumber, took such advantageous pobitious to resistthem, that, the single operation has bectt sufficientso to deter the enemy's troops, that they have re-turned to their camup, without making the least at-,tempt.1..,t5n0n, april 6 —l,,ord heed--1quarters are still.et cele ic.o. the enemy",0.4991,57,36,[1809],1809,1809,1809,2,2,2,2
273,1803,2194,"of: vcntli. 1 ikewisr..a‘d"".:iii,ratt11at11;t1g, explanlinct he ittoritt of treatment, in t''''. izile;;• •stages of the scorvy,--,l,e;a:osy, kirig'y fvil, goo', , ~,iis. matisrri,-aiid verierimi'dfsase - cautions •to- }-00,1!; 1''',1_,1,;,:.-.°c lila- dinitor; of• inveo4l;l- con'tletions or iinprhpci 'ment, tec. -. , a f' -7 i ,•.,..v'vr stltirr4nlll,...a.z,lng s.`i!e o,f, till! p0______...„.....................„0:t 1.-. the best criter'''''",0.3355,12,1,[1813],1813,1813,1801,10,10,10,2
274,1811,2194,"general 01e:coigne's 31)::po,tieueieel the motion ivilitury ply toeleyaliey (.1i far we could a.icertaio) tic jot h.itwch into acotuotittee on..t j)kvelhori.houie flotibtly bill. 141 x. lipttlivg-'t,4) in the chair.i,elr.llcutightpoved, that for iii? xvortli forty ,shipingg, bt.!6001 to which ol• tho ptill re.iched.""rhis atniandateiit an.i the 13'11 wentthloughtthe- 11.01)',ery nf navi-rivertt, the ettgli-sh 11;.,1),t)cry,the irish, likach-giowld itobip2ry bills, ' p'040:1throngh c)arwitte,'s, and ,aiere olderpd f() b.. re-pot t.,li 1.0-111orro.,v.",0.4537,40,34,[1813],1811,1811,1811,2,0,0,0
275,1803,2646,".0-- r _livusb, ars. t* t 1133.it'he court 9f directors .of theunrran comrant e. merchants sf zng.land, tralutto dm last indies,do beretypiw oak"",not a gaunt! cart of dm fail company teigitlmist ae their ilooftlazhnhalilrett. eft w•taigay wszt,t•• 171,5 4•11 t, as tt aka intbr firoma stsjytsial turtirt. william rams'ar, 3terttars.",0.2724,48,41,[1818],1819,1813,1813,15,16,10,10
276,1801,2194,"of iecl. ; and 21.'""e note or51. by applying to mr. .y/right, or mr.qll, at the aliove places: •.- -payiu;nt is stopped at, the•mmat,of argyllshire. 'ik'.l-anglands takes this opportunity ofand oti returning his .most: grateful thanks to the nobilityleri who honoured him with their patronage ;.and,..e noleted, 4hitylishg- c°l1-le to town to get thehe has thegrlviri-ofsatisfaction to ,his ot a(pr-ia 7 cin 'a suverior manner, begs to acquaintdeli :rusk:abets ih london, that copies are now ready to beputt cfcd to therii, or to. any personlot such-of them afaw.sutio • town, by-'trim, at no. old coffmtoia-street,sti here, and, by :jr. paden,.",0.4962,49,3,[1810],1810,1810,1801,9,9,9,0
277,1814,2647,". '. .* • sisz,. f 21.. ite•?k4ot .‘ ' ..i*emirt, , ••ri,epit,w '• a 411pivigni ilwillsd 11110illa.?.• „ ;•01ild alltrir• • —.- •.• -•- • ••• • • ..t.:sit • - •which.• .•; • - "".: -e*4 • aleasiteir s• 0 # • ebertfare uei dit,,, ... tl tee ash pritglitilv. ileedligatilisetrlvintda' no waged' 21740a11ip- ..iliff-puarse. i4 **t'll'•l,7:. 1 4 2 tillttlitakilt the. ':- - ai ' 1101141.0401140 t. ' 1 '''''''l/4 ' •° refdrat' ,' • .-7. . • bflfangresaisediiifi' tlefelioidtriake.tlialrlots.• 04 oh faith'. . • . .0• . i'r ' •- ' lade, ea, - ' 4•--",0.3062,0,40,[1814],1814,1814,1814,0,0,0,0
278,1812,2647,"exchequer 1111.1, (1p rest, riwririt 44 .ihl,n .•all each equisr iii eis dated tn ike meenlh of august, 1131 •• to be ealf) (we'.• .r[ihe loltdii camailsriioneit.s* '.. if libmajesty's treasvey, haring gireti elfrectientsferry/nu off lea principal ij' ide •abece-neentlonesi rzcheltler_bills. 'via t '.l interest dew theesets,at. the ercheytefr net (*reto the 'receipt of exchequer, wier palace rard, if-estminstor,'ina""taesday. ike 15th da/of hettlenrhfemrsuiag, attendance witlbe given daily( sender and.holicfnlittgypretf) unlit-arid inane?.ing frleineselay. the 9th day of septinebir,...from ten o'cloctiathe morning t) fiat)"", 'mike aftetwisite(,' far the purpose ef receiv-ing the same. ""lbsi, for the greater* ffi;phtch, the renews of thesail",0.4983,50,46,[1807],1813,1813,1814,5,1,1,2
279,1822,2647,"colonel gaits , meow, ,we sta#46 mehare tba-eafortighste hgtioar. to. be one. mr. katie same segistieot, and brother mahe progenitor, sir ra• „,..tit sot, however' , rested hero; be take oat an attach, bort usalubre ilill, necessarily partook -a she indsesse 1""1. pyle, e 9 liilltolll9l,_4l co. the [MASK]. wish 'bee, haefoll,teolha use imentroabenifeelagett1 t-*• •••...a. "".1 illijas4 ant imilrideal of the somber, mr. richard of that misconception ; and that colonel drake had al- cross•eennibl kr_ ,_ffeiti-uapt. jobb linflo -la iinpirlaidifibilliiiilla rilliderst* •'-t4 ""t ••..r, m., 1:10,4"" 1 r... s 1.1 •, •• : , • ..11 1:• ifirla.",0.3823,13,22,[1813],1813,1813,1813,9,9,9,9
280,1819,2647,"ve4o r.:(•41; ,74.rissmie ale si.gaistee, tad. iriish-ervetre so eonap-tibuitils'•its yrs.; 4tia!ltysittectin nip firca t• i.soliatpresaus sn;:74-7, 'my r-oratta-of mma-pustwifditura—s slats* set tb sopa*. ,4oosa:sat ismikiderin had jalaly base *ad .tya ,taitets a panic seadjef. or wr411,111,,01-. 01404 • datlilorlikteill. all l,itamaaskidopeo.peg"", 4iael owearod beteialwatese, ',bulbar ilalllsetple/07yr hot. had it in vio.i.tiikailkito,eciout asieilaber statuses. . owe on iheabl *mama°poly, by which a butcher could iltritilto11'j a ogia ears for.trai,tqa—tho other di4alpitta,sea ladiakisels lobo bad • lar-sail.abustdhappen to quarrel to the elation of blood, ikaikaiyho provokes tho d* judo, should la era.adored swim, most obit tease. t. e lion. ctratlmaisiconcluded uith,osoeissat um",0.4969,26,41,[1819],1819,1819,1822,0,0,0,3
281,1822,2647,". . _ the do din mesa by their schemes of getting nowt clear (eau tog' troicalealla caaoalcut.)ely,air the gpateteh teeit to maw them to wonsuouse, booked late a disesteem'. relative wetequip a liest, to send to their recosiaing settlements in conduct of tee magistrates.is norfo!lt.a.ussat""hlsriwages-s latheff wed** dolt.. at a time ""es the pis is daily ibiud-: she desuueleitimmell itarteeerimelicespb°l tha:.....esday neidag. ass.-(dug oat of the country' faster and faster? what ei ........l. a_r, ___,___ _ iseeds america. the molt of ibis application had sot denten thought pro per to *awe sows. 00.they mesa by schemes of this sort",0.4584,26,15,[1856],1850,1819,1819,34,28,3,3
282,1803,2194,"10111,tiriggilt 4*letais,' linos, holt-nes ;, i.incrda; .kot.tir, c tegory, :swittl.o)l,; 1-‘""'vel'• ker.marlborough, i jarolctr'zc!'‘tti'trastle. wtilkeri.wklgson ; northampton, ; 0„1orithaul, burbage ni!rwil;i, co•,;toms ; p1)9114110( .1-14/311,1 ;r reading, smtza arnd u+.. • ochester, i i ;noon ; tiejakeysergent ; shrei.%isbury, 1-',l‘towes,l isoy;ltlorgan ; stainliiitt, newt:on-li, ;salisbury, ciillios scarborough,..llityley ; tatllltvl.,lvoloittn.;, . welk, i. vin ; 71;eiteine.wood windsor, tilakcne, and by ail vc:itlers ,medicines int united kin;drigm. • le•ii/1111""(11- whom iny. be hod, it new edition. iving rtc,ir •fi.iildredpagosi. pinto only• ' solo mo n's-(1 ii i 1)1i. to iii:aor advice to latith4exes, on' female' diseases', n p,ooiland,.lonstimptie complaints: taboo orrecommended to",0.4963,27,34,[1810],1811,1811,1811,7,8,8,8
283,1814,2647,"accord' spontaneously anticipate her lle loved the ladies, and -1/tad• he livid li few yeah~vlion. mrs. calvert. . . •l majesty, :that she 1 he certainly id have 'left ijißraiits ; bat his either supposingroes on -their way to the palace. it was with ex sas tattotang mii,ts.jab.e.talbot, by the lady in waitingi,, ...' hits. entrain_ 2 y dy iv igram.• ilitti enough alreatle""be probably, like some other' sufficiently nudiereus to compose the ',susie french treme stilliculty that lord hill, .lord combermere, liesit. matiey. 1: q. m; g. by the earl of norton.' akingi we hive eeira thinking.thaiiharity began senate.",0.4485,30,39,[1814],1814,1820,1814,0,0,6,0
284,1813,2647,"5.1a1 gap.i'it. we i. .4,1 '• • . ifilie• 11 • • • i° • wipp 114. ' • . ' - . .• ' .00414,01'.noleirt iltr•-ffhlt moo i fill- ..- a 44•4 v -.repciat9 in chazi s••:1. 2-+ iii foiltb, . .i.sttlrtoiiiii-t :111112.10.../taut.lis _ . • ; .; c'• of .: ic' (""pot cniwda, soutbi_catotioti,.3ivitgo, cherie,-alt-tt...aryst molt.- - ..: ____ 1l 'to: a& . -t ,.• - ...,- ~. 'if fenntt46's imorx•to14isi pra vs, i6i. •s. • it.„-sevanankj..their literalism. 111401.2n1. ,111111sle tke•. ,it ill now inegetiveeally provedthat the ratent athimi.ey's 4iiw of marriage intdbmber.fleill- . ma odock's life of",0.4889,32,39,[1814],1814,1814,1813,1,1,1,0
285,1803,2646,biths zsia porde 14 0 prasipni tint. of dark 4 o---- anaregde ms 4 6 hushares aso 2 9-..... las-v.sos 64.0 lydia cave sdr. stial ai. ogadcldoe s 6 cienstne ar • uenirade s 6-- caavulliart om 6 6 oroskrle pardicine $ 6—..- csennenne drops 4 9 nal% seats pills a opom=ade lo- effete it peppermint aiistomas - i 1 i ohm's drape - t rberry s miro pit!. 4 6 dr. h.oper's pills z adr. .who's l'h lybeate glates hisoscfla 3 6ditto 4 0 hewes ditto . 1 6days canairtative z 9 norton's drops s 6mow ..i cokssoot 3,0.4563,60,38,[1852],1810,1806,1806,49,7,3,3
286,1812,2646,"to teary bsbto, walk of tare lamedescription.. • .•. .• , r• •• •prioted lqr richinvl phillips. no. 44 a.uvitaligiild plhad cliithonte laid co. om frplz;gainaboreugh ; kettle, dub& ; and ofwas lial""*""i 100fir;yelitafilijffscpioi. tea, cooftliiinnis4tifi0►agin rals.. fluids4wlla wi""i.glkiattog whateiter-sheiaetr=e mirrequeatly cured.earistard pill 9; aftelr.every other means had fake.: 14 , - - • ,the fluid essinci or musysiazo (used wide the pills, inthose complaints where neenisity. )`ls perhaps tha meat active,:penetrating, &rut tißetual reinedy4tl dry wand, getserelt curirrgthe severest sprains and 31;1.1.1as in less theb hall the time'ustamlly tav.en by opodeidoe,"" arquebusade or any ether llnl-i amster limbroratien; and",0.2944,37,33,[1813],1814,1814,1814,1,2,2,2
287,1829,2646,"• ii r. thomptows montprlii.o isp43 altrltenii am.77 • ""7'l'-'-4he pob itterttpettitiltyintor.ns' oat. tineiilia•sre dig quip /maim pistducii, ?idle l*tddiata sp*'*stets, a lave !odds 4 wed !inman to every servo° who. has.7eisite4.cheltetihani. liigycootalo„..seeprigog .to the...km*lls oflasciliaiti valry, sad hbtssfs. jtattdo sad- pathos, .04 tbsei4l);!;iarispti other pmpostisis at 411 g spa %%atm at• tbeitesbam. -• tbeselfialts pissmis so effervestringiple, attain this rspeet' .41aeooly frottidso•chelombam s hiiitetto 'sold to ;be tublic..,• the oval cbmousbesatisaass in cbativssit'and eattauteneo, aspdeao 300.5.•ab0va, orovga bo had ore thge aland. kgerfei=l4chemists, cheapdda. carper ,of .fit.. paul loodong111141'strabt: i7ublln and rriocas-street. edinburgh:.1141ison; m. ""•haymarket ;• bass, 7ti heir",0.4282,6,27,[1814],1814,1814,1814,15,15,15,15
288,1816,2194,"1, ,air 0,)0.,the~,0~i,1, „),.. ~..._,,, _ ,q ,1, t., te, 1.. t mohan ne nom e!.change,. brevet lartit.-colonel sir, frederick swcia, demand john, temple london, ormr. huglies,l4'cr..• ' rini, of sardinia, will marry the prince of con- i - y '~ • whence he went to fez, obtained a passage to. kj, ii. to be 'major, without purchase, viee nios. who 1,0"" i•win order tt.) preseriie the crown to tut:same ! (~,,idit, .„,iier,.. he r„in,,,j,,ed „mil ,edce witii tfro, retires, - • . • , samuel cater, (..'heapsitle, warehouseman, may et., i.)3. enddynast y.. the. aceinitits of the hittilibg of",0.3875,36,42,[1814],1813,1813,1815,2,3,3,1
289,1822,2647,"*alavilialisr.lother altithitillsi hidtidelt sia'dedi ' •easliver tiliii- a; slid lothishitthidit.° 7'. ..__,' ' . - v '..wilhaui t, the test isillisifihodi.""l4/1114. illsroi*1dist of oftalow t. sth o'clock la drd oilllda4 oil:closesoolities. ' ' isti held imo . wed • litstoissd; foolthroar.- 1614.11144•6=eiletd;irittb witis ;be ilieedbi• ' bill r.atlei ad virsoroltsoalethiag halii iselooked hp letairs,•. . ha' sktir a rawstring wild ; siitoosi 'eallid..fal 'hal .741t0n nth 'titithree men rushed demi odor tliiiilidtlifirdbor ' • the teadng* irma at *althea; oho ithhailihhis.. although sty,* by. - - - *lievielliieletbee. eut.tbiniedited hit prise's, 6,*kith bad beet throswasrey, tad is the spot fossitimlnlskeleton",0.3626,27,40,[1814],1819,1819,1822,8,3,3,0
290,1817,2194,"motto to the arms, viz,"" prudentia et anima,""and the crest olliononralile augmentation follow•viz; "" out of an eastern crown, intaibednepali', ail anti the hand grakpitiprit batonof command entwined by ale olive be ouch.""'. .bankruptcv enlarge!).g. t'anipt,rll, re.oclunclt-si:net, nnrclaat, hum jlo. 18 toairt:• •bank itlfirrs. .-, t,. ~, ,.w. \vali, »klaitlenhead,:liericalliti:,, sitrifenn, 'to ,surrender jill it.. .18, felt. 1, 25, at guildhall. attornies, messrs!, edmund'find jeyes, chancevyalatte. .11. ""twit 11,illakeney.inorfolki grocee,..titti. i2'9, 29, reh. 25; atthe new inn, liolt. attornies, mtisrii ,liallactiey. andfllidgerianeei-cotirtitlirogtriortunitrent.. ~%v. wells, nildett, .li,'ssex, liquor•nierclialit,,jan, 21.28, pelt;25, .it (inildhalt. . attornies, mesirs. teiillilleind (.nyasa;linrr.strect. east smithfield. ' 7""",0.4575,5,23,[1814],1814,1813,1813,3,3,4,4
291,1822,2194,"al‘° reduced fares. quuda'rtsetrropatidstsmith plymouth, exeter,.ti, need .i • ~ faia.-- ~ss weymouth,-1' tit royal eclipse,ashburton, 1 otne 9brorot:' il°(1""1. pcur""'and salisbury, every morning atset, ""ester, dartmouth, .s, ea ; through honiton, allmnstßerridßgrei,dlßmlartelißvalatierd? andali:gesktiburti.dge, basingstoke, hartford1,,.ri, ""union,"" southampton, lymingtn 11'it',4lcliesier, basingstoke, hartford bridge,.blacklay,antadethrenaraisistd:shut, nom four inside coach, ehveorrysensi,opriven; arrives at the coachw. e• this is a most delightafnu. snouuntt aaitii ph t o up, byob 'gilt, jersey, (11cesnlihveivarleic:etga rtaic'ee,lcs'lleier(f;re°,llerit b , bre.--tglineerpnrstamy;isettorssldofnrttlwi'ehiaehhorheasch;oitalciehrthphe4nkh e a continuance of that supora-cietirienfed since the commencement of the "" union.""—noit with other coaches. .perilitkar hand bristol flying post-coacahoeds,lttehlmitgh, cevleir.;aft,,, °i, caine, marlborough,'sry,the greyhound, inn,t• atrzl°oll",0.4646,3,21,[1845],1845,1845,1823,23,23,23,1
292,1807,2194,"herlionse in thilower-streetg, .islington in the year 4lea-age,- mrs. vernor, imr. i'h 'teas neimira • • ;i.tately a. ~.after few.days, illness, in the 29th year ofage, mr. john 'carmel :ist, or the firm of -i-jean:wan& -1'1""lingbasv,.merclp4t,g.4teoihtniifwlaiszaormd,asoifortuhdel-ilta.:.caughtqapuu igleortafirket !tenth; at cl(lielatefoot-r;:i --.e. • ' 'g ‘/a. ii:row.hforning, min,,tewr sz.. i afternoon, so after 424• ' -to tiit,ay•i444 surgeon. new bridge-street..inn, t)nl solijoeu 114144,ixindonir'slit, • edinburgh, may sitn tile spring of [MASK] i. ivas atrtieted withvenereal! cornplainw. rhich i, treated with ,• once 1m tfre niniiths ; bt -1:04).s-then obliged to applv• to 4.regular who temporary stop to.the yiru"".lof tile 'disease. 'by",0.483,42,47,[1813],1813,1813,1814,6,6,6,7
293,1814,2647,"*weak* *.elttio. 001. t 444 to) toonstiotiti ow. 8e to' riktf!, '..lei., 1-atm,rd iiiirersiros qt-.101-17.-4ote1410: 4v.tkicrimniiiio 440,villinikdolier0.6111iw' eli* waiedtkrif ittlr'-ithithi mt 1a:6244144 'a nilrs,hr, :or it,:;.l oir; t; onkel% 4tia+tio wilit'sialle lkseilislttlfeieito settholle,onstooe -nv . : !the hilitlaiiitlitliltoe 44 lif4 na is• psch:setev .. mr.. :curtis:v:ost. iirlibelkielf*.illievaim+4lteleihmoty ft /mat - stictompitimithei writ '': ;: • !(1,oats wtigni. har :port no bot- too""csaa4ladte veigasibeelathiodfttliwilktriat , iftikirtfifirliwaiii ; x '. weiiii%por rrbeat. • liejt stir o'kflianiii'ai thtkotossreavoisil waistirklio.olo metier irtillintitlisat ow '0110,13t '42 oi . • ,:. id,lnown end practfred the plan of mia 40-areoltateetenlsesivi*.wisreit iv 011 • &el bittoltlilt ili viiiwilliell",0.4204,45,46,[1814],1813,1813,1813,0,1,1,1
294,1817,2194,"last works of, anibal caracci adds to the interest excited by their intrinsisic. excellence. as far as they have -been restored,they rue not itninoral • •the disposition of the. ei•empress k extremelymild ; her manners unassuming. her natural re-serve the french mistook for 'hauteur,. of .which.its fact, pile hut not theslightest flair • filte'letv.ersons whom:she admits to. her society are eofar 'train briik ifieted as if they were paving.•their court to a princese,thatthey soon feel thea'i-selves easy in their conversation with her.. theusual acconiplishmetits_ of her sex she possessesin more than the usual .degree. she plays ~tinthe piano, a►►d sings",0.4113,48,46,[1814],1814,1810,1806,3,3,7,11
295,1813,2647,"1i5.40 iitdo spadisibgiljor-cotton .ia this respect icatr..ltaches the exclusive advantage of !wing mire conducive irs'health, is all seasons and climates,:thou any other description-at;shirting ctluth.for duntbility, beautiful appearance, comfort in wear, andrat economy, till manafactsre stands unrivalled, and is soldat abot hatf bc,picc of irish or other fine linens at the pa-tentee'su-warehouse t r.' isl;'citeapside, dear' st: pnta's and byappoiutmeat, at hardin, howell, and co.'s, no. 69, pall.••• it is proper to guard the public against confotading thealum fabric wish the oed.losperial cotton twine shirting andsseviags,, which piofesses to regulate perspiration' and to bearomoised, and ds an antidote against the plague",0.3533,37,29,[1810],1812,1806,1806,3,1,7,7
296,1827,2646,",tp satisfyh ' co sergeant andrews's) mind that tle defendanth , a p..4sep into the engagemeet by the artifices.,° aplp'il,nfl vtempail• the learp,mi aetgparst bayingewolleh.patener,p7 on the peldffoce,. eskest 'bp jwy ,if ifieytbbit hithat this was' ee of those cams in whichrov as 0 cktgatagt orpok 'mi peen maclet.'4""bithstettiinti iiitfor.dapages:for his owl; pe.i :seceittetir'dhl ot. he woul4 gok longer oc„copy,oocult of d4llooit fiaiii4l4configentli kale tili .cal,• •",0.49,14,35,[1813],1810,1813,1811,14,17,14,16
297,1814,2194,"some person of disti""'"" ..,f 01)1 il,i: d°l i:06the stirling castle, %vhiell to° 15 t a""1 oellt 1/sindia.the object of .this cir.pl.1 to t` i i;e'ing pf' the duncan for the lir'lii's' all' 01.0c,,n0 4board the prince regent of p°ltliiiions, . tvil•store. bin! to his 'european if-'31 • ..,t i'l4 rd,ill 11""'. 11°""110 .admiral sir j. p. beresforv ""•1‘ be ,on this occasion in the dtincau, al'' 06'vitt ~with the• mission to rio janeiro• srl*ere.;- r 665 ' bon the arrival of the pain-13 011.1 r revi""ban, mr. canning, who wl-1. ,/'s :=•le""in alchar4e at ca=' 1, will :i;same the",0.4916,50,31,[1813],1810,1815,1815,1,4,1,1
298,1822,2646,"p . .n1731]11........,not2:'fences co!the mmhe oldest, atith, as i--_'thec 1)10 the t.to allthe act cto the e:,prize m.and sol&india coher peity shipcried lit: he maourt he...fy, totonce, iands, antermsay he se-----a reprintedard : an,:...—.—__inrial'ii—. by t'• tilei. -k t.) hil'ni teil ithe 1.%.-.:rked tt'mth' aseii thrl.—izular'...:mples.r.le rutiirted fia 1.:...yiceintroit:tam r ;the ithandl• abeta gm1xei ...1 m!ence-,likfly ofwhomtit,, th1 : fe7encprime,, moverthiserti i' ria cienti,:mime:princei moverthis 4i j.• 51• • 31'tigt,3 .unds—a femanialouden. (7. an.i ais day•i•' . hods.londe. wilkson; li.g. and.and... willi:. ni. it1:l mi1 i . book'touter,'o. g.70. wilt . parkalassi---____seemi loud( )n;%11:., ,tic.i.t.lta atlk. (ii .1 jur• 1:...!•",0.48,18,43,[1814],1813,1813,1813,8,9,9,9
299,1814,2647,"the coedited°,lie: republic of -(veneta. this iteptablicanatiatif4sablishes the liberty et the press,.ifilithitsktiction. ',"" the liberty of th(it lejir 11,.-ifated, but every work must '-;if, ins eircemstances require it, 'thetutiie' ihell have 'power to limit the. of' that' or fltit.lettere belgium state) that -lord'hss'had au interview et ghestaieith air americantoy. kis -hopoill stat pies w* be opesdi;ducted bet ween engleatiewftimillialled rostei.- fora wog timeenthere besistbion 111 1-w 1 risow at paris, and .yet:werielelelilt.,_suede to•othe military officers • respedierfirtookliers.verwposite6 -'fhe realm iii-thit - -are directed by bortonr, and bate a just senseditty.bytossltaboase) door, but . oho it .vate- nova.tiqpi—ae.aaskisaald vs-there, and .",0.4083,46,10,[1814],1814,1814,1814,0,0,0,0
300,1814,2194,". .. -5'5',„..,...,.......„_""iiti1' 6k:41. j_ktbje, -:---'.... .......mu...----- ' .2,2111.114.•4•pfte1rerea..•••••••. •414 -theatre,' st. bar.molomew's114, f„„ ..hosp„,s.„....s.,l't deli•erl4:4illg c()urse of lectures. will-1,'1:',,:0i) th::11;e- ill this theatre during the trisning sea-,'•:s‘tl,,-111 and il,',eury and practice of 'medicine, by dr. hue.—yer'4't;',lltratin is.' ""tysi°l`.:4, by mr. abernethy .—anatomical4.lseii--' 0f,11,-..""' ""y,nfr. la...wreince.—on the theory and.11;..-mi4v,iteg'...i.y',_ by 2.1 r. abernethy.—chemistry, by dr.()iv' tati,n,. t.• oy dr. gooeb.1.• ""er;iit t'uzi'l lectures vill begin on saturday, 1s„ of1.,,n.,...„...i,:1.h1ieue11!thi,4. paoir;-i.ll')ic,tl,c'l°schen..a.y be known by applying to mr.ci'ly, at the lios2itat.--..—________ni, 0 11•.-:;1' indlii"" plantkrs. ..ittlikt. la pia,.111,,(1„ 1 niporta nt -i iproveaientsrttatil.u.r,dic,'.fatlon conceiins, which will effect an,kikt. y daili,,;',l of expeace",0.3261,24,2,[1813],1812,1813,1813,1,2,1,1
301,1811,2194,"4i• ..;,0",0.3865,6,28,[1851],1853,1853,1854,40,42,42,43
302,1814,2647,"sala- r s.' i_e_, illft‘•'l,llc4.trieti°ll.sll.-tart!• has provrd itself, by a reputation of thirty oars, a certain . at mr charles price . shoseedbel‘, by thissperific and nertr-failinc cure ;it s equires only a few bottles'of stud co.this lavaliaohle deanetoterpove the roast obstinate asdio- rev. thu: le mt""- wm. forbes, ' itslin h altn-street, th it sells collate' rei is.vdoessie fceckaaric complaint,. •'. . tier, .of hongliton, . • minter., sitsd cs. ' •""-- ..oeuditeg ft s ivisten can t 4. proved by the pro-f/arts:um 10 ti) • r.dialptsgh ..- . -111titill newspapers in london. item mr.at this period of the",0.3848,14,38,[1813],1812,1813,1814,1,2,1,0
303,1814,2647,"manufacturing of.a lrispariee. weaucar4nee jut lat=ort im i set sit -.. -r • ,... . • . i ility• tbentleivelt, coetaining au attack al, our based npinitian in the inimitable priaewe dr. : -a0 i el....f: .-• 'expect la mar with 'sale% la om ,mess mei ,moss"", i sioa-als wortisi duet 'kit mame wet .1.11 ~saw' , against disk cotsgsawdiogbfiker, and their wish that ionice,,amilusuodealaurd todampandtheek that et ' %. .. ' :• . i5e:6.,,"""" 4 ofl=l""4ll6l:744l,4lwileils""'/, i—perbignilllll a ""146' 144 an,'..''lle shilahlkbe ""4""111.thelrat""l-13a""n""q14416111'itatipnwh:limeelitteidirsoentent::fronenin:eio.rtisputral:lnonse•outkert.:dwptifitthimotti.1.ito gee womposistoe,awdsadretisettees ti.fillt _ . iiiiifitlealeftliiikier,iiitaliadisapprobationit me-lesaw ad was spirtled is the sseg elesfitihk .tided emettedemittlest",0.4587,32,22,[1814],1819,1813,1813,0,5,1,1
304,1819,2647,"••ffl easy of tie111. ad o.sefetest.es ,nt up° old air ativerrity, or la-heatsto mr rules aril regatat,n. of u.. r..alt they trier. as rif.radii g to ihr ',wishful, • ilus.hie less u. of pea le to owl two*.gssudie— mei 1.. n.r aged a kr... des.suti far dt gasket. ofjim jos.' tak•fioop 111. lb .fre two albre e ap•••ej to the ca-pita. ,lie astral aid •ta• vow.n . b. c...1.1...ena1l lou ivo oeillsord by this 8.4 1. eeve4tei:at the .; ..t fret had a hal' per rest. prf ..rre heddr•te, .•. •• robs far 'be a taageateat alibi. kash ma) be",0.4097,9,34,[1803],1819,1819,1819,16,0,0,0
305,1802,2646,"naused . adoiki,,dmit of card*. meg put under deck din all iti :..~,_, • 1461iirtlet ~ - ' wl*: prim and: mt-, mor.a ng tniamlll4,, thaw thy pollgoguty fuse* (rp soutbamptop to havre every'ilvgsing . tt it ocotillo adaptor' for gen-lr-4....11''1.111:uriday, end ... jar te .v ev ' delisay4blc.kaleyeatty andbrna thence every saturday following, forsamotaniptan. citirteit% . ls histaitt -of"" effeitobran.v.mitie,it gin)-4g, 7000041100:4 agoto,.tillt. the tattlinfitaurafa,fhoot;sind take mb dark* as elffeam rer. i•painge or freight be pleated to apply to the matti. on , t.,_ °mu!"" i.° till stock exchange '' ' 121 c 411em. ' . . - ''.",0.37,55,31,[1814],1813,1814,1814,12,11,12,12
306,1815,2647,"ensiga aleiatider gh 'to 'llegienosu, vice mow.kiged in argon; %v. wimpy. vice fanner, killed la aetitto 1 amine. siemer broil moostaloi • gent, to be emigre, •viceant e. m. bettere,vice'llatow.: i gardirter.to be vint limanatem--stenad litmtennnti themes lilly, go inns, fl ieittenitti; george lidwell to be captain of 4 com.vice vendome. killed in action_ ._• george than. vie. ""i°' i • many, wittiest perchase;vice dumas. promoted .n me york!terry; george stainforth, %lee fililee; geoid fite-tillebosh, • unisseure.. . - '""' - ...vice walley. : . . •• . • • • • •• • inlet mille, early's rickard c. brown",0.4937,19,55,[1803],1804,1804,1814,12,11,11,1
307,1814,2647,"i c.lllol 14 om 465*4 1 ete4....w.itilra4a& .lheja,st!ce 4.4 against. it he dewed :et* - 11• the fit eabonid• prevails and eatablish bia strict rights. "" the kit martfaftwol•thia•miattlfilllp.osaat * ili.m. i. : '..4l.l°ybent4„i,;. • - •.: •.‘_,!tegte__ acte° an- adveimi"","" i. i°4 441, ii? 11e,""• jii t• flis client had repeatedly: •olfarad; an&noei again istoo,,tbat of ,t7,so„and •orclar,whiala' '- • - '; - way°, os , alto.. riti. t'9pee left bidesse; codvinced.infrie.that you hare*wpatsl4offers; to refer to the jodgmeht of two •lesrpeatithst thasesignosent of. it, soorpst:moody„,.#o,,,peasor. -'' i'.:_'-';tiff tatll.., .""a writ ',.. . e trim wag i'•*titstl duty: 'nat,",0.2708,15,39,[1814],1814,1819,1814,0,0,5,0
308,1818,2647,"• wir. ••_iliekegyr...lt • leo. far, the milt lillosetin *lori ff;dikentome flol644lolllibbillialefolpid. • ' • • •4..,.. ....- owak, •.. , jelmospricii 4•lmoregibie.froll4l4wlnlon, exiltee*ll:2lklr . 6. di=a4:o7„ .. es ast . -.• • re, -40 • l.* *4'l, ••••""--6.-. '•to'•. • a= =me . velicier. 0 emelt for iaeleeterert la on tie • ratei..* :ke to#vollyistarlolllolter4liii,.-.• •----•- - - • ' trailheirtbe - lusbilin:preeirsita-es irdrelowhilkp-: ectbetedesiie '310•°4"":ereamibressil a are:ll. lefes:a:ster- ellaatoes s m7lst. 'taker. , rs taw vaaltletverritialsexte 264 e hi •acieliadizlryllo•- ntl ma - • sapti, ilim as rbsittlys.°ll:4bo •, • . - • ois 4.7tia; u4orp.,:er. viteasist s",0.4989,13,43,[1814],1814,1814,1814,4,4,4,4
309,1817,2194,"• he,144 t ,~:44j.rsit's . n..1/' y do . <i/yl'!"",.;/.4,4 ill 4re,i:"": '.h""tooit, . the mi sf dpril ""f3:l' . i* an,i,:4411i t""ict'ire i .` , 'ling otalcil ""?' i .'. . halt`tari,...v...filt t! . .iy ifiv ..,7""' *of oom f. a i.:, .to be d 4."" '.14ai~,iii:it1*.ltti'' 4,''' 'le rpeee of n portniilst, eind the 011"":5•.;,._...41,e'e5-.,41.4i0aat; . . . .~ ~.,_,,_ll.yet'lletztati.-143 , yr__cf ht.(1.~,~ayabiei- wi:a ' 7totitpl•:`•,ti ; god to be„paid for by dills 1 .':'., 4.lt)l,l!'ely 'lays'sfter-otate.' s '''~avertat the &-~,trvaetc(!ofttioois of the contract may be fi .-~ . ...:;;i!' .s 1 i ,o.art., , • ptieo,' t!?'4,",0.2822,29,29,[1813],1813,1813,1813,4,4,4,4
310,1817,2194,"and cloud the d.,y.""i.ht nzn.iteader, particularly if he be conversantwith the original,,will be' aware that several partsof thi, extract. ore open to objection.. 'mitt with-out time, or 'pace, or inclination for critical re-maths, -we have contented ourselves with notingtwo, p!;tvcs. in the drat of which i)tornen lots in-fo:ll,ld a line (mid oncrestionably in very blduit how :lily watianty front vtrgil and,tt,c ,1:11:ied to the flay, the ""dc--7 -ziere! gouli,"" the rtgol fottnre of the eyes, whichit horror of the affrighted chief,•• , • h,•ri• ' 9;utv the limited rage abound,5ir,,.,. , , ,t 1 eottosvis cottfoatot ;,ties, ito ottir,lt tlarkett'tl.ltirs,f.,",0.4324,38,36,[1813],1813,1813,1805,4,4,4,12
311,1808,2194,"oj.conip,-c- 'euce a '-'l""e4tis~ ~ , rind - •~ . „ ~! a~._ , •.„ tic, .athl thus, by his own. -shevzing, it ipears that he. \v.is 1; ' siyheriii,ifter4;colasint vicklit,&"" ni.,morelft.lll4liiity..,iii.; :s. j.-1-,.(-4s:—•""` ,i.calluiyioi, a thotts-anditiihtmil,tr,rtar•brive? 1.1.0 ,ls on rue pi,dl brancilt.s 01 rt anntei_ix )l ~,._ .„„-. ~...„-,„ , ..:, ;7:,• - • . - .~. ..not tilt. only r r,parr.r. j t haddens, iowev,j, mar emirs. i. 'hilts a pi-4:„ti,.•.e 1-,artn,'„nlarly chreged ta, (11e', cure oi. , n ite in, witr essrna il)"" act reify. with 1.4.}-ii. 'hlti'""fil-ii(i ito- -in tile • ileawre 1., ,vc.•l, 's the,",0.2519,7,26,[1814],1813,1813,1813,6,5,5,5
312,1819,2647,"14 *4 meeting, with her leas child at her*we i this, hodever. war so proseesica flea the wok meekel mr yeammery. lee* mi. tabbed. one of the yeomanry.i enn.pag.ohis he leer child dame. sod reed of bent to spareher isbt ids e. h meter sae act of sassimi her child, she/rewinds deep mire vhseil. oboe lutes tops. from the certr•of her slit to die mese god east i. 4, in child fell from herarm, a d received • mortr_settellest on the head of which ki. a 51d, day salleting ""lbe wane las sally fed, from themeek of the blow. has",0.4032,5,49,[1856],1856,1856,1819,37,37,37,0
313,1806,2646,"deo won? p..... out. wbere farther pardniare nay be knees. awl ill teem sesta until the ii nags to the army, when they ie tumothesefiu sareesett ea nelluagom'the mlle iso tbdirte oat stew lamy maus ere put hi tricots awe same at the reectleem dieltswilwine when will fallow him to e head quarters. _ ewe by casualties.. der nom disibiassa dew •_",0.4204,16,52,[1855],1855,1855,1855,49,49,49,49
314,1820,2647,skit. in *mei ofthe erviterriliese 4as ad •ip•t.ree•eilri bet seetliglibebil4 trar eh&*ire elheeiyht ilbe hoods 0 the oat 4ceeet.sheslieeese ms appliselhoeedelisitarmhe 1111110 a um lit' ilet leibiktoads ow ea ifwi to gi.14011100.. a rm. :thrissmas st *ai wet sardisasinsla be ea* he teldeg them a 1...... • •_ _ .._ ••_ ..11.... he,0.2727,28,34,[1856],1857,1857,1857,36,37,37,37
315,1814,2647,"off fri,t.lieit, ',rai ofp was demanded, contesting themselves with the official dispatches we underitithd are in:own, hull, has been 4d limes hull to tor ; and' deck opinion that tall! ' ' •l'i'll7l ' jilee'tiftif,lgtf""-. -'iii hvowil ortheir responsibility let tise.advice they but the following, it bli that is at' preseni known et ' 'ap ni with “ipeet prislig ••of the, literel,.lpetent ~..tteiiao of ~1 ale,"" 4j> its 'isiti'...4..viidir4,c „ . arti-attritionilit,..lo..much it drift - its •4. ~ ~ ~) 040 #i,...,_,-,....- ..fl.=!.,,-.;..'-'..!bed given to their royal linter. the morning , lloyd's :- . .~.• , 4 .4 -4 •,el",0.4082,8,44,[1813],1814,1813,1813,1,0,1,1
316,1809,2194,"pictu.illing-officfit:pent tb, 9,riihe commissioners for rictwill4vgliis alllyestl""s navy do hee44t give ivolice,tl'4l**fridaj., the 211 'lnstant, they 111,e reaa:y to rree;ve ten.dirt in ;writing, (sealed kr), and treat for such etramities cfbiscuit, male born while itimi at the )et,teahtte illarttfaelt‘•tee: of that witch, may think prtit, to tier ; rr he deliver ed totwo months, hi, 1.i.v.t0. tr,p,rgais, into bls alajetd,': 1,764:11.•ling stves at anent, .s.nd 19 he tald for 4 alilt,14416 intersit, nineuyeafs after dam.conditimut ej the contrail or*. 4e teen at hke se:taw:piclfice.tilde, f.r a less euantky than one thonsand bjgewill 6e admitted.nortgard will he had to a"", tender",0.483,48,41,[1805],1805,1805,1811,4,4,4,2
317,1801,2194,"374e)',-; iv'efe; he.lhoq'ghi, jcitifiec.t.yi- grvi4ao' that 0,1ni1.;-.iiroe' d he'hated the wholes'sten.i.ofl)riviteeririg so iiinch,- that he -.svoutcf- al-1‘vi.lays;give his assent to riitrk:trieastite forretrairl:;g if.,,'- with regard,' 176'w-ever, to the right o_`-e.,,i.cli'hy king '-,;iiiips,lie did nor think the ""treatv1 •'w;_l? :iti kt ,so satisfactory ; beeause, if the l'asspnrtsarid -other papers -were -regular, the etigiisli 05. ci:rmust take the word of ..-le ofiicer cornmandi9g theco „. .convoy. it it rnigliffreoelitiy -1qt.i.150); that ,atrr'a""*feifilis4.l.s.lilecil.ro2ll' a neutr: tt port,.that some' --v ~_,:.-,. -r,4""gs-seli oftile,:stinr-r,ation mig.htioin then ontheir p451.,,0i, arid: viaiiit'the pratection of th.:..ir fi 'ag ,;-.16 thag .cake,, wh4,..saiisfaetion`cottici.the'cff,cet 'corn.:``'aildi: ...' h -.-7.k1:0- ;",0.3884,69,11,[1813],1813,1810,1805,12,12,9,4
318,1805,2194,"this hiukuli state; :uid in thlit: ciscifdtitictotig 0.0111;oettte.; . ,:,, ~„, , '' ' 1 -if4l.li*"" w""cr likolliccilv is fpr years exist'ott.ti%psk„ti,..pern,,tverancie, ,s4in stienliaai -ic.4iiii,ire 'l,, revive l ,bitruir:o3parki; 0.1, fate, *iti tii it...ihntiat•the constit474,4 •ma ft e u. i) :wk),m,f.si.4 i,,viiet have:lonz de 4.11 4....,t4/130ijot is iill t liftjf.4xc4aions of .it f.a.ltity, tray b•s;: nilanil,.oll. villast wit an cfres , ate+ &mel -a r'e. l! u' r'ab 1e• 11 y ilifi erl o,titirthe sectesy which- is' socsstntial ,td my- '',""`-- itvr.'areixhiktimk,ueattottiikilicji, i. lii.v.'e, pleutniro to tarff. 040thoo?'..o)%tigy r.,..0n5, ~,,,,rk ,„,.:,..icc „rip,,,,,,,,i,hi,..,„ , n s'itivbn;:tltxt mr; ""mee ml!' bc 4:""a",0.2859,14,14,[1814],1813,1805,1805,9,8,0,0
319,1804,2646,"or pocart an ts mimes""vy in the g inn which produces tooth.ache, and ~.~...i.i, ti cat-a courts/len luce. i. t have been agf:lied without erred. in six depot volumes, thick pot oaavo, pelee al. ss. in 'willi.. l. beimg the daily arrange in the modern pesten oftually rolt en teeth thee difsgfecable efftas prepay.d and kid by the sole proprietor, tuomaii tatlop . alfred'', royal composition, fo minder* dictated aye maws& of the loyal collyged surto fonis .boarek, entielliked with portraits, by caiolin i wwatsoiio ellallol gardening, eighth edition much improved, price a6l 1 ~..,,,,,ys my .......,,,yowy. att ...,„i„,.tty of",0.4394,6,40,[1804],1812,1805,1804,0,8,1,0
320,1818,2647,"the comma ,end erect! of.barifl ,ii 3,... ~""...- „.... ~.. i. 17., nara. jal 18.0-plrestordsf, strived and remaia' la states, *ere matters whkkka,betitei oils .siiieih,,,=-4-''' ,'!..•rr w 7 ;t.... • • . __;,..-is4oand, the charles, mills, chsrkke from.1e does like time, when prevision tier* 4sev,:itillr *titsr.lr•=ll:42npuottdino • and' brilliant, pen.,. teem ditto ; brittle, 'ken ibi public mind was too se sible -,f itiitioi . 'l4*.c,/'"",- ht* ci. mot lk!.r• - - vs , . iiislei dealers beiwalulbelane, jamaica; amax illery,. anderson, front lien. fie might be wrong vin his opinion • 4,y410illiii• . • s for a."" (bid. the",0.4171,11,29,[1814],1814,1814,1814,4,4,4,4
321,1801,2646,"sistcenth - oti 6iziarter ditto - a 4 0'tickets and stares sfiletets are vmw on willi ovarylicencro ldtteky-okficil...,' a 41•,-64. radiate it gecosornendot as tielceta ataist-4 c--134.7ius dray/jog the skis of tips montitliciauxa may be tad (iratis) at a th,; licertivi owe..",0.4158,37,10,[1856],1814,1813,1812,55,13,12,11
322,1803,2194,"h , ;.. cull iiitstsiiis.btiry,; „flarropaud thrmipsidraltaihfihestci• ;• jopaiqihrei.iveritool; bullteley, and pooh:, t:lii:ster ;. ntisqll43_,_ll;piercev, ,' itirrisingharit;---stet'en!toir,""' no'r‘vic?l,_rdrvilialmf, ,.ra""and hirrisby, ipswich;, cates; slielhehl ; ilittts,""illeftspeck and woistenholme. york • li i wri hial.• fluilltmenmu.iitle ; gee; 'cilubiqge? tik4t-t.r)r,•,o;t.rotit ..• 'm 4 djr..ildjewelldt• (.4 laagewl`svotts, apotheeigy), e,distotagivii om b!ione reputable liooksel ler i most ns .in lim,laild• •. • ' 'rlee as. gd. and ss'.n id' a p.toir ow, °duty inclutkil.' !where may' be had, arnoltl's nervous kostorati4e drop's•fi;;7l;llo*itied7iii iviissent 'by mr. ba2x-tr.i.:lraliall.waiehouse,..sditth: bridor,i:edinbtirghi to dr.,..131401)0.1 tattested by tne,celebratcd dr. a 1; &xaandeit ca 1t.i.,4- ls • bitait sip:, ."""" •",0.3853,52,42,[1813],1813,1813,1813,10,10,10,10
323,1815,2194,"to her,existence.; t;for's "", r rw'• , tie „,made ti) obtain from her a k3;woeillle 1).0-sil''/;,1lations or' friends, but these proved (111.,,1114.c.hand tile ?•la2,.ist tate ordered her to be ag:apielolt %il'1 t. 1.! compter, and to be liumatiely li~,nt-ti a proper asylum he found fov.her.btmarlbotiough-stbse. acibr° r;fe,a man, named thomas tennant ""'3s,bisw°' t,up yesterday,-.on a_ charge of ill-treytit'colsl,-6,,ethe worthy magistrate, after an ioeffeneeet,..p.tempt /o -produce a'reconciliation betitis arlfeje,parties, dr&red the husband to alloa ' le,'i t,, t ~,.separate maintenance. (i'-his hg refu` cot fi""' 'elating, he had rather be imprisonedcommitted. ofque'en-sqlt.attr. ' . rsye''. 14ftimothy sullivan, a boy not ti'sitieel;",0.446,26,38,[1813],1813,1813,1811,2,2,2,4
324,1818,2194,"john bubb, to elizahcaodaughter of mr. j. france, of blackburn. rp• bov-lately, mr. c. watson, of york, to miss 51,3 . a, • .lately, mr. james armitage, to miss atio ste'' .0,bradford york-i ' •• , s tile. yoli'shic4-*lately, mr. joseph bolton, of bradford,miss susannah radcliff, of holliect• 42. t g°°u7 eion thursday ni g ni dal 1.0 mies oar' p.., . r. coige c e , sopboth of leeds. . wei, •'-(i:)xvol.ii,oftoottlii;ao.,si00,lately, at richmond, yorkshire, john oulu?wensley, to miss fairbanh, of richmond. . . •.. ,fit. ofr'1 • nted.lately, mr. john bagnold, eldest soo °f 11;e bite' !.. ••,-.bagnold,",0.4852,45,37,[1811],1812,1813,1808,7,6,5,10
325,1814,2647,"- (re '. ' t olissalit 411. llama, ,_ 77-r,lialo •wi gvet•ltirs. el 13 .. 4 the wee was te.1011•40ed at itse'rpilir of the mr/i' ear-""- - .tt. -fitt, merema=-l tut sleish 'hid lordship etpliavt4 p4,' leetklea, `'ping the real of the owne' pv. f. lott; 1.. ill :ow a: illetthuwiwena.; 4111mww.k 'ref' aiwa :lieu , fetlll4ll4 awls, ''wtts squandered, trade , boubotir4une 4. w. iktrinioo6, ilittottk:, to *iv -94...:y6..i--4tat' airg4f. 11141.4114 {was ,t. ,!- ~ . ink.'ma drove she people ; rsaviiri 4:1/. y; oa i foq.. nue ,:. ilissii# ii. 0 altowlaltt '?- r ' xti ""opelhe end*",0.318,50,21,[1814],1819,1819,1819,0,5,5,5
326,1822,2647,"jli nn 04.11/431-12....t....x..... (j 'il.-----'acul . • .•- -• • . _. 0 ~ . ..,• • •• . .. . - • • 4,1* tu.. . • *6• . -.4! '..., s.,.. .... . •. . ... '"" -..,.....-.. \ • • . • • •->r:' 4‘...'''' • lie-;-.1.70;ii-,.;-•sisintiliosii --- -a.--.,.. 4ii i""""• ,ft] a le'''. i„ i eh& •oh rut • i -jhulicil - i il, ;. r. ' , ilt '; .‘'. 1! 1..1., 1 - •di., - ...1,,,;.... ii,,,,,,..„*..,. ;:-,4,„.... n -inl ,erfai;"". . • -e. •. . • • ...svg7r. :i' 1 ...-• '-.) .",0.3951,31,16,[1814],1814,1814,1813,8,8,8,9
327,1819,2647,"am* that ensbees, bet by se . sew to mae a ~ba, ~,s so ban"", appa do int slam •ask 16°........""r- 41‘. 8.611.4.[MASK] /1""`il "" """" "" 9"".. t"" massed taeireeedir a 0.612114101 eywieetro- lee a mese of . wbeele;stexr on ,___ bony eppolliosteeined eels, die settee el noaimoug. sr re by lbe mob of id gelbeeall ibe. pro owellehl sea k eell es wows tee ',e me morot we' clieneveltee:srea aallaalleell""4""..m, ore, kwh of se inns so seek ebte it the .0.51tm 0•111 fool elimod 11% ret wietheoll ass bet by sesersei by ass de me retkrar. ver wiles",0.2858,32,25,[1856],1857,1857,1857,37,38,38,38
328,1812,2647,". .. $. i• . .. . the sta'recnnt.'... . .a—z.4.1.-- _aemel=o=lllll1 - .. - .:.... .....: •..i . ~.,::tr,,~ ,yr....• • t• '•• . r- i4--liair iitift*lignmcb. tim litatriaßloo,4 tale& •!leo her i/. j. smith vildseberdi, shropture, view • • '.. -,. . .rivet 'l'll f: london gazettei 4tili. 8. •“' r-4„-,:_.,te'"",555_ maxima routit,,ms4sls4 atps.osakir, pros...1. jeasll,i ~ . ' r i.:. •-•,.... '...i pill ern 41,ee'eare 'reoey-seriveser-atouwier 4.l.daireeltirsw"",""xe* • •auitti..r• tatiker--septemboll4 51/: coke, 14 'welter- su court of crasobiiy, attie sr 11. ;it the court at carlton.ilause, the :bib of ___„,___l. , .it.1.sou. miserweittooseyin'ton ' ,ik,,istiiitigiwoiti?. iiii..1,412 turroc",0.4991,40,1,[1814],1814,1813,1813,2,2,1,1
329,1818,2194,"oxford-street;ntriliel:l ili edinburgh !~:tuir _ plain did. mish-,stree.tl-ilp ~nlv. b axters,dublin ; and by11.ki'44414pialkti/f:.„:t.illcolillsi(irabi- lettaolwillins6rea.t britain and-.ewes wait.. lid. each, stamped, and 'sealed up! ,... ' 414)41,._,_ ext.tons, whereby persons, of..eithe r- ~...,_ . ease, speed, semcy, wig safety.",0.4963,33,40,[1813],1813,1860,1860,5,5,42,42
330,1818,2647,"lispiperr—• .. '4110.,4001'4111**0.81/6110trilillbet 041.watt oareir? .writ id pereljektlimi wnw, ebe ' sr theh. debaeblegegre handier, perikobildr finizqhft-heede tea tiejam mossom, htwkltidlere„5e..0n,10•,,, • mho,. orpittii, mbletbe rootekt ' 4* tlical‘liselbe.--oiliest log likewise woo feeeitnimitio wear, est, ie. s' *mg1114 ere. ' - putaililly especial estower to a, plate eom. ailtheitoi-thoseilo-street• i -""tesi weal•worme i -voatio• charge of able • eel won te.4."" it* toesbeeemems i competed with the erectile, the itaildititsreellrd, per. 1 atrimegelled, to those oriel** let 14 • thleviesod haltinecesewrily erase who, tie' 110111,4 i: elter,llelsbald,rev reet .1 st ""melt time the. i newest id ilatat soillisst reptant-streetes•strest c",0.4199,27,2,[1856],1819,1819,1822,38,1,1,4
331,1813,2194,"is tonna cl-lingsi fluii), or 1 4):ntfrom experience the onlyarticle that 'prosio,f4s"" the' c:itosi7t11 of hair, ott i.,..1titvplaces, to a benniiifol length and thicluess, and. *are !;re-ventati se ligation its failing off, or turning,' grey, which it linkalret)dy peiformil, and is dailv,pettforavng; and the titahairdressers have ile,.la red' it flit. best preparutign in theworld 'for beeping the: hair in curl in damp .weather; and ;inrespect tit actual, safety of vise, no article' eau pssess thatquality in a more superior deg-rei,, ~ ,sold wholesale and retail at his orttatr..;atal hair and ii r,.ner, bond-street; woodman, r.ecadilleproved wig htatinfittory, tin. 171, okford-street,",0.4971,53,47,[1814],1813,1813,1801,1,0,0,12
332,1811,2194,"considyred as a most grievous measure.thirty of the young men liable to be drawn, fledover to this islaml on the iatli instant, to avu!d•being 3eitt to the army.there have been instances of wives haring maim-ed their husbands, by cutting off their hands toavoid being drawn, so strong is the atersion to themeagore.war between russia and france is still talked ofits unavoidable. the troops of both parties are saidto 'he'on their march to the frontiers. the frenchgovernlotto have interdiaed the granting ,ot pass.ports to russia.sweden has been called upon to (tarnish p...!,000men for the french marine, and i o,mr) landtroops ;",0.4615,40,36,[1814],1807,1808,1808,3,4,3,3
333,1822,2647,"1 1 ... , of dielaege at tese el ,t : a ;-wins *el ipa egibe le ws is-vlitii k lib itwooi-ir 'int miaii41•11a .. vislhisitiofromweith.likowletiskire.r lima* le *mos steeso.c.llll4l.l.lllllll 11. v.•""')-. •.. alregraloool/01""0461 ' • , , .., t....... •..'. &oa ••. 4. r.'.l of 11 4* ' 160•at • rillattligitlttibrirg ars, ,lirt pc•risalatiftwiftsyed for writs of lisfioas4*l •1 reit,mdmlelerem., . . *mobmeeleivilisbe tiedikeamildp.istelasits•bellibigej cope. &meted aweidlnildl losegfiabfllld: toitilbr•1,•• • - 1111110% i .$• 71t •••• 9,•ky.- iiii . t symptom= rtio/ is '' bent 241.4 mirizamil • . • ,d,.....,,,,.....4.,,,a,........,,an.,,,,44.7.~.• a :1108111 141011 - ii moroi?' tellaai- .",0.2809,35,38,[1814],1819,1819,1822,8,3,3,0
334,1815,2646,"11rn r day's drawing, murs.r no. i i,172, a prize of•;ol+l in one quarter, fwo steidle, and shrtoantba,try rictiardsn, goodi.uck, sod cu.cub y's it:vvv !ng nex'f thuas-day, july v.— hird and last day, angina 1. •rich whigm.of . £40,000- 50,0001 - - • ;0003 (in gold) . 1,0304 - - 1,0004 oa gob)) . sesas - - 100and the fa proportions.' £6o as 4 413 pilieitaw and shares, warranted undrawn, are on sale byfienagdson, goodluck, and cu. contractors foi thraw laney, sr their °sees; cobrobill, fad cbirlog•crciss.7- -:-rtgiifaridsiii...*;ey two days t91)1 o.w, and the arial'• ~--amokairloa.llololoopottalip.wel .likewise,1 • tisp4.o •",0.4926,14,52,[1810],1805,1805,1806,5,10,10,9
335,1821,2647,"both.tiei4a6wi :filersila re* .aosii rpsdity. eiebilsigkl&alsoiosibs • au* oats. dee. 10, j••(groobsidge prunicle, nor. l/3.) the tomtit",0.352,32,38,[1822],1819,1819,1822,1,2,2,1
336,1807,2194,"ill 111'1444,..15';""' t;""""`y ! .:a prirtritiei•u'll sli;nu' la4l`iiea -: n',..ir 'n,.‘,:-.vbiirythtfls t;r,t,;sonfor the tic,t woe.-• to t,, ion ,:.,,i,,1 l'' , • , ,1 ,n ...cm; tlat, i) ~ s 1,- t ,•1 , 4 liti"",--iicre. it wars any.l34xn'sl44sqe, 'as it. ,viti,9-01,.,,,•••• 1•'-' 1""0 '''' '''' , .' . ', n s •l't 1, in 11,1`,."" w'.11,-.•"",gaitisk,aiva.cosistin.ision ot tii4 cpsiii..)4l:utt,-. -.1. it.i.oly illt: e.',11 ; 1,).,,,,...:d 3 viprkilktr;ll,,,,i, i0ng...l.:(4/iirojecilia,..they each wet:: ty,..,it 1ii.1::.,m-dyritlis.4o.,,,oi ',iiitrt:ttitt,ny 3.1,:'at' ' ''t yet711.34 ' ii*"". 1 ' '''liif'4 w'''' •;6..01 ow ill.: c0...:c i t.n. iiicif q.otlt.:. ow ; •;:, .. ,:,.,,i,;;, :the , 1i1t,,,",0.2628,34,57,[1813],1813,1813,1813,6,6,6,6
337,1804,2646,"parli4mentarr proceedings.house of loads, wednesday. june ealard waxen bridpoirt teak the oohs and hh (calthe dias spas the table ware heinirded he their apeehe*aim•vsawes divoici.the order d thel);;-kw( reed trrgarag late a cauthittee eatleaediverce iiiii.lard wellness' socardiely teak the chairtbe in yore of the preerible was wear owilderada%du wirrbee betiostat etthe petition. was roasted b evidence,at the bar, by asset tbe tiltheibbe witadiebasdedloored bidspas aft table.seam caseated= arab ewe ow or two of the eseass claw,belies the lardvbrattliar. batt at walla s 6 ad law et=go tbe noble sad lathed lard eblead sotheprwthissthe peitieser to tattle the est of god",0.403,56,46,[1856],1856,1856,1856,52,52,52,52
338,1815,2194,"the i'rdic,,j. ia ivaies.l,lvcrii tliere, 2•-.:(1 i"", ....runt' i.eeli i).?coliiber, :it 12. e.• ft.,......0 re' •niivviol,er 13. j-o!'ile '2'erz:ison.merchant,.ceipar i--""ifc' ..""..,„diturs- niei,.4 iie ,joliet's cori. t,leoteic, .eilldliu, rvh . rzlst is'll ,; her i,to,lell deeeiul4,r, at 12 . ,1,,.....1 nol e reilicr 1:3. midi anil ll:acocit, invech.ants, of celli% 0. .4:redieo:..i 11.,..t. in tf:e-'11;i:1ve of ivitle---; tavern giusgra, i. 4`:o ,inter sun! 12t h december, at 12.i • - en.am in .1..t.:0na, di v ideni-s, •&•:c*. • '( ,mit.q.9,ceeditorpf 3,,h11 ttiod.c.,,iii iiii,ort aluel.co.' f-arci ''''',, ..leiti,,,,jneet,i4 i.'he ii.,)-iii excll,i,..ige co-ifee:•11o oe, faiiiii'-'""',""i,,,1 n.h i)e,..ciltl)ei• at r2.,rivet id the •1 craiftirscoc",0.4555,42,35,[1813],1813,1813,1811,2,2,2,4
339,1817,2194,"most'hole nuder the direction oftaken of mr.-drandon, at the(ten till four.*. at six, begin 'at seven.—llalf-price at*ti,i,„. 111 it.rtt lister this'theatre clues not extend to thez)th, pftoptincroits of east india stock.1,15140.. ~.in r ~ ^l2"".*entlanto,l44tlintinisliing tile (listinguisbe(l honour ypti."",'"",4%ii 0, ine nine years 1,•() of a seat in the direction_tii ~,,—""'i i f,ei it dui' "".d' delft of gratitude to eat ti„ll'-1` itale ,)f v yan .• i t leihi.i._.to~iiir kiiilliess. i indnige the hope that:iktrt,t:itili,lic,alolis devotion of my time alto cirorr,t,bl,°tint'hnet44t4t1,ifoll,g;in'''irritiploy hare insured me } tt dp;1(1'i:1in your. ser.1.,,,,f:n"",yel a 11xit::u.t, rits:::rui iitill': ameyt sirlfetnt:a continuanceis,i, retuole statiintuts. vk",0.3557,42,31,[1813],1810,1813,1815,4,7,4,2
340,1813,2647,". .almost every' place of eurcoartiarsasee within,sairsem led to opposethem. . captato lindsay arrived in te,,,i . .whitt:buil, dec.:4, 43' ;sacred, the hallowed' lifrth.right of free man-if . .. . • •range .oqt:correspondetite,' has `either weed/ tol'i-riiia to 'eerily away:l46,loas, bnt.the ammunition fed__„.• s - -ss.y: 4 .- should ever command.* revereetlal respect ; but in . lebrated the victory of the arms tit ilritain au► her - into the hands of theeneeiv. ,(uptaiii lindsay,. h0ir4,1.',,,t.lsrifral- 1n1p81.14/gence. order to be useful, it. etibtilillelnder wise conduct i. ,.allieitleeeire now making the necessary prerralloos 'after itt viagulstrielt ens~ . . , ever",0.3755,37,15,[1813],1813,1813,1813,0,0,0,0
341,1812,2647,"intimation that those• bare..... r;i f..1„ , te,'„d •..t.:.: •'-.1.i 1 t:11...i*--•. •:•,- ilk „wl i. urnsa .in 14.potiottieg ifsteriievtticti i • ied ti• 'wi? •offended would be puniahed with the utintist • .: •,. . tr. . •••14' i • -itesett 'at-.o3ppanimettae-of. poraget•alniese a- mt,.11442 (1))? r iirsylp 't,q 4ottoln..,,soit -fpgiodellar's.,.. l.ior the laav: the mob itt•picertdilly;: on • mott- ton, and limir44,.at,.,sur. said itechynr. a .:rite of ' eaton-41-; fow.n lidt,'whos.e 'names ft w`f.uriel bp lei-night, was organized end led by i fellow twith•""l. -•• ' e -7)eit. • .• . . • •• ?el:fete blrektit,„l.ls{ppftrpz, °""""1 a",0.3979,36,53,[1814],1813,1814,1814,2,1,2,2
342,1811,2194,"ariived itt jatnaiafrom nlartiniqce,' for purpinfes of trade."" . : •rival:_.welehtatevrer!iohmis,c;!tiariaeslroi,ini) bayurt,betiiiiiat‘eilr;fresich consul here has brqn conducting pil p"").jecting the surprize and dentinction ofameliabland. 1141 e manner itcwhich %v. to11,i$, it by• a"" merchanthi:ildsseealptthuarte :.,nsi,,ibelctlniribotouttlialis port,plouv:ipv«-nagitgirlitsoil.d:lerartpl.naitnc'llveis.tht.oh:heßlnrillittiiis'tiecr':nollake:ol:;:ilkipll:l:tthe principal:el6pil 'aniltae:vres,.rke' c i hem a—c. of bermuda, popipb thatl,the distillation of spirits from sugar may be relirvre,ct.it is expelled that addresses of 11,0 pa! ' '136 usreceived ;, aloroorifa:r7fl •ter will be presented from till the (..tibet tivest 'wanda, • • • , , • : • , 1le,r'twenty-two french officers, who were °l', ' ',,s,parole at wineanton, in somersetshire, il2j''t im`'..,nitetaedde tahreeirweagrcdapoef.",0.3856,51,46,[1813],1814,1813,1814,2,3,2,3
343,1811,2194,"the rep-4it yttitql.:!111e,1,70v4t:j:''iri,'p), vt'ry i„.. .' 11;`,v hithe•leary ott iv.'"" ,- 1.„.r ass;!tit'i 4' l't• 1""1""4.1)1""44ver 41t. 1141,ry #t 'e .a"""""""" ., 4 14% 'tr ,ltsa th n f f. ri ~'% f 1 , ; they hovftkrlt, "",,lo4:.c... c (,),.v ot . wild ev- h i. tn ,li.-i, 1 ""t 4 tats.} 'wien admit-441,ml aith:''""l''',„.1~i,,t.~ t.e hag 'g0n.,...t.1101,` r'in,,,,i„„. ahtlt,. • sinai!. itt), teething, ati1n..;444 91 4,1,t.'11"",t 4 children they—a ie'lr. '444,1 ""c9rninite. of aqvane,d lik, tart., 'unc,ict,44 ‘''''44,a'l,eicl'-; 1:),,,,y imroeti-iitiely stop the.pitt*,;(e,s',slrlt',.t. 111 , arc partteulatly ad t )h:ti.t4 4 gellial'r(e'""is, lt. liii/wil"" ' '' •' 1nlifq\vtt ll'",0.2401,38,42,[1845],1813,1813,1845,34,2,2,34
344,1816,2194,"uw;., 7 t'l et.,!tp.baitilitlin; and by w. a. scittl4s;' of,at th, ‘i•nerc.liettrrs (illut.t-paiii)l4g,,rmust 110 3441c45%#'r",0.4366,8,28,[1813],1813,1813,1811,3,3,3,5
345,1810,2647,"111""c!zir ,„„ti/id erskine. to its tamagirelble cetdatrophe. he weida advert to oneahay. to take t* lamed of walchek.s. the pliant dyer ttwre- histi vw great . .,v i'll er mid, is reference to. whet tive eablltritie which !tooled this valid ii weal- 'be lintkipatest whet the home was hi padmaion of, that the eirmailbatee letal*,, alteededi • ileaddit mold -gat •i ftidny eve's*. he wished now to 5,,,.. she sallie/ newel! the rla calif. olt u. lallomv: of the enievpdae was a max, o.***lloll.lloll that the late****, to, be carol* f.'ma t•t-lt viligrasi-atteeihtlleat!! was not present when the resolatioe• besoliiiten",0.3928,37,22,[1819],1819,1819,1819,9,9,9,9
346,1819,2647,mi. beforewoe heroesl. •bieh 1 mama deeps will take ratoman at stale pracaadisigh din met be bawd is their winjemigadims. am alas wets tiff seismal' nem misteta ns irailti of the meeting imessioa. as far as relatesto mose pens of it shish ease fres law. mai pops-ies' tisiembip. maim great esd teflon alarm ia the minds ofsomertue* potpie fee their ••• tallew„ kart. eitiels ma perhaps010 be emidered at emerledrol mike she woke forin owe stremedies in law. 1 sail he* eittecee a felon-weto peomod thine emoisweeler. which mob ably pee.*lite aoy weft wed wales' wm tar bieheit nob fadbeep,0.4998,5,52,[1856],1856,1858,1819,37,37,39,0
347,1820,2194,"prohibited his heirs on ant, account to '~,,,, 1 -, ileapsirw, lon1)0n.• cli,e;p, potable, andh.s. • , . a-. t- ira '''' .authotity, continue and be entitled in all respects, not- barlow, vere-street, oxford-street, jeweller-ifeb. 26, g. open the envelope during the reign of the late 'c•ii(1,..,,;;~:iu,7 .. e paints,ir.. , ~.. ..,)int.i,iblec; . per cwt. - , per cwt seithstanding the demise of his said majesty, to hold and en- simpson, copthall-court, merchant.king; but aftertthat monarch's demise, to niake ''..tit.,_... -,, ‘,-,...0:,,,,,_, raen • 40s bloch 5.6 s joy the saute; but, nevertheless, the sameshould be held or en-",0.4605,35,33,[1813],1844,1844,1844,7,24,24,24
348,1814,2194,"arc selling- by ith-l'.""'.""'""""ilq. tl p lnd co• contractors fur the totter 3, at their11.. ''''''l'is4rner of.llalikldings; coriiiiill, and facing .1.. 44' --ews (~ fu - .r. price ~le►vs, ,avrog-cress.tltlkt,t.•••., of o.ticliet l. 19 id 0'''•'-..'' lio 7 0 i eighth. l 2 13 6,''''••• 5 .5 0 i sixteenth 1 .7 04 arrovs hortus kewf—nsis'dinkilb:* this day was published, ,ti.,l,e volnivies, svo. price 31,,, as. board?_sketolhe:lll3, 8. liewffs6lscatii.log.t.e 1''. -''''`lr4 cultivated in the royal""btitantc gardenl'he), eco4'4 scili,y,ti,, tate williani aiton. , .„,~- 1 et-m-, e'ar,,ecl. by william row nse.;d.1),,,kt:,:tit,44(,1 !e*'l=•l~m, 6ar':4rlen el- t,, his majest,y. a_. i,,rouno1,.,i t, 1kr.r,.;""'.0f,,...,:,,,,",0.3427,39,25,[1814],1810,1805,1805,0,4,9,9
349,1822,2647,"thrall"" eonseotteetee of ihilitateeeset dogma/ fee theiroriglasil mid genuine macassar oil. impostors per.likleolieltallepty bottles, sad attempt to.dosolve thapobtievilledimeimeetalueseser osl, composed of weekse nitre-mum% seirfos for, salt et a.lowee price. end without timelabile veld *sere aga reolanthon, ' ioitatleg the signa-ture, width readers it seers/tory oa purchasing to esk forrowlend's maesesear-oil, and itrietlyto observe, that noneere geodee without the little book inside the wrapper; andthe libel isslgned on the outslde,•in fed, ** a. rowland andpriees are ss. od. • 7s. 10s. 6d. • and ills. per11111 fie. all other pokiest, hapoeitiotte.—'lbet geattine hasilia address ois the label. "" no. 90, ilattos-garden.""",0.4082,19,32,[1819],1819,1819,1822,3,3,3,0
350,1813,2647,"more. • - - .... . i learn, that a. few. days since, the garrison' was sum.i, molted to, surrender, and twenty-fdui hours werethe gm) of oeilfailiii-sitd, tertheie belight !the .t. allowed for the reply to the terms of caliitulatlenand there was liiiht:•. the full • day ••bas ,briske •nation flies to arms • ica .1).11.-teroic itescettdants of °::"".ifeled• that time expired yesterday it noen;;xud'not yet heard of • the possession of the• -t -av:•,(.4.a.,.. . f omsiukr,y, ste,; , •, • i orange, calleit,l,i,ilsiyto-lait,eed vijiiiiiihe etria:t.iewara,o.‘6l.6eloattlitie :i,afoer*rti.:ssiltryetheames,itispresumed that the loom-. ouirap p 1) .by the.unifonri success attend- i our",0.3508,16,2,[1813],1814,1814,1814,0,1,1,1
351,1814,2647,"plan.r.totooroirs. is taficient, and ms labiate free from grew beat,sad uu sa4pktornas or other ,dritratitibbr tunelb.a the cook*: by sa:ant (vii.) lint diatined water. al rat=',cooked ttn- nut imblle impure subst‘lure-, such a. collectilldookettler, &c.4; virbial44lresqed a"" this plan way he cooked n second time.tad to as good as at the fine. ur she"" ready fur di-wing,cullfie tondo so emit sin hose withost being spoiled.b. ileipsiog by lint air so this plan unmet meanly. and divewas soils% of uas pourni of went in tear both ill boiling arid114101iielio is free trona the polo/mos erects of copper, or-*wo. •- - -",0.4163,48,55,[1819],1819,1819,1819,5,5,5,5
352,1810,2194,"now read be ati.ipted and signed by thesheral; id the !lillie of the county, dilli delivered to the,onbers tut this county, george vatisittitrt and carte;squires. whir are tcquesied tu- pieseta /he saute. to11, 'louse of comm°. s, and am hereby instructed to s oppottt sante therein.leiter ..adressed tu sir francis burdett, bart. having4 read, it wasit esui vett-tha t the s.ane should be signal by,rhe high sheriff, in-the.4t.,ke 01 the meeting. and hat_ the high tire mein-t:b, and as many cu.:mimeo as bray: think i""uper, be re-4,t4ted to_ wait upon..uni ptesent -541134 tu:str,.l::, burdett, .i?,ttrier with copy ui mese rcsulutintis.1„,9",0.448,39,27,[1810],1813,1811,1811,0,3,1,1
353,1814,2194,": ii ' til ki , 0 redii e• the rites o .'114.44 i' th% 3 till e,ce tinnily vigour, much anxiety'ili,i thei 4 th: t;lsts 411 y counteraction of this languid, i,g ca. ni "" grtat riti .will .. •~.. re~',e,sentry ,i, ( i elm), wi occur. • .p . tli b aiitt,aende requestedhabit(t state the partien-tkiragi.. 'flee. f, ""' gene-:,1 ,i• • • d in-nti ,' en . 4r ~, i~ • - oi at• ing, ari1,..441 (ir ,e, ( %ice and medicines when the;4-' (-43 .184,,r"" any part of the kingdozn.. , clons, no. 107, hatton-garden.' .",0.3782,34,48,[1813],1813,1814,1815,1,1,0,1
354,1816,2646,"ono per pound; .4 mpg, .at nl_. : 46w)1, • grid on madeira intr.ginehr, champlin,. :11.110,611, and• • 'e 4/qv one dubarptr madeira,t. eatberry and os ltsairoice cents. p..t getwa ;on other wino nolanun3erturdv. when mippaind ini,lepqps gd'scb 70 came per geloo4li ore lisbon, oputtv, and•..•'.i•yip:• 'v• °:ut• ! • ,. y. ••' •other wines of isosisid,rseen moo of mats s 9 etelkill rls .i.'4ollrdros 7470130 flier vises of theyiroei4 cent. pinokno• ;on &.1 wines when hisportedthan in curt ainfillitits; is yetis per•galoot on iltimat;diel,foot esessedoto .sfrarelieess eakiipkice), aro dollars& &iliisck (not exemilfiel 53 arelowil• each piece), one dollaltio&van tot",0.4538,47,48,[1814],1810,1804,1804,2,6,12,12
355,1805,2194,"oontrae7 ina, be seen at the siert:ester' office.no regard tula ac bid fa any tender ht tohich the l'e*.e shall'not he in ranted, ho words at length, or-, that shall not he. sielivrredto the board inare one o'c'oek on the said freda), the 2.0*.instant, nor uaresi the perron 7t.ho snakes the tender, or sonsperson on hit behalf; lleesdr, to ansurrouthen .called fir.",0.4765,54,38,[1813],1819,1856,1856,8,14,51,51
356,1804,2646,"which attended this new mode has ism remgegionigig ;to our moil celebrated and fecediful adarel=faisk.prlnallbabliwhich it is founded are plain, maple, and ' •.so. a ststsii a millenaloov, compediendlng .••none, tkeignolle. mismatched chemiftry.ralegidal 01110,'graphy, and clkonoenical mineralogy. by a.v isforionsilme . •gins prof.:bow et natoral hiltory,- and keeper w the muted 0• inthmunireraty of edinburgh, know of the royal sat midges.elan simietles of edinburgh of the linnzats smiley of leadoff . • .hooorary fdemberof the royal inds academe. of , else minims •logical and phyfical societies of jana, nu. volume the fir*. .handfomety printed in o!taeo, illultraied by eleven engravings.",0.4956,52,45,[1803],1810,1806,1806,1,6,2,2
357,1818,2647,"1,2 wept ; and itooreawite . • . ' . ' .the protein question !awes,. -.whether or so- tin 'alt - dhlog/iftof asps f. . , '.44.011.1,cit . ... 01 ikiebotitrit thi'rveaste n.. .‘ ili •irrutdose. of mr.-fievjeant firth oopht to -bees botoota ly eglisiedlalikepolzaiimi ,.. . roossibt„ wooden* too pirbilbwords, - 404061114111116nv1• chided, °a 'the greend of its. having been an official eisfacieet tn grotod ,.., 0,1 .., raw~t . .tbe• -proper ossone to pursuit:: lifilf-411014-,pprecondmiaication. ilse first preposition appeared to ma ',net inpreobafb..„ ibliqhmutif ibp •wadlmegioft. pat„ pa offeederat rho sett of throcrfiest., ir.:- •;,;x r•. •.• .•",0.4198,11,52,[1814],1813,1813,1814,4,5,5,4
358,1814,2194,"be art and..practice of sit-rffetly,1,•,,1,,°) at •j, connected .tlierey:ith . on n10.1.).‘y, 0ct1,4,,0du„ we!ve ~'clock ... ..... i t • . ••• ,j• 1 . "" •silre.1 •.it lt. ,to iv p.,...l ..is ...,!1,, isi .) tt.)-, , ..'it,4, ut ~i, .nseoprse.is open to all pi:ote,shma, stu-,'l4 ""ir ' tli,' ""tlyet. toile conti • d \i' davsand.wed-clue on: on4, try 144, r!lial, i,44 t?,' wil'''. and a.°""rs' . .itat e l l..it , - ccidents allotted to the province of~..c,o°steitt,lire'erns i:1y treated of mild- illustrated by 'cases,oth,oll,4loqs~. prienee..'!.40;.„""15t,...„""ew. of thou animal econotny will be n'ti-'ctte)le r,' e .the set erat'",0.3573,33,40,[1813],1813,1813,1815,1,1,1,1
359,1814,2646,"where pirticeiwe •may be had; and at the in r, at thames dimon ; &ins tinswolltoy, hampton court; of messfil. t. p. sad s. browns norfolk.street, strand; at garraway's ; and et mr. rubins, warwick-, street, golden-square.•s .. _s porting.--.ascot.heath races, tussles', jose 7: ' 'his majesty's pate of 1008+. by hunters. the best of thee ' . •four-mile heats.mr. soule' ch. en. by wakes,* tx, el -'s s 1 1 •mr. starlii.g's ch. g. goldfinder, 6 yrs old - $ i 3 2mr. goaden's b. a. littk-tbought-of, 6ln old. 4 i i4smr. sliakell's gr. g. clown, aged - •",0.371,54,26,[1810],1807,1809,1810,4,7,5,4
360,1810,2647,"of the'writ undet which he acted, ,and 'told the dcfelid---,ant, that if ive ovretstepped the'. hi in searchinghis house, he had his redress. this did not *iffy.cooper, who stood across the door.wayotetwitoeis . told him it was useless tq tielidastlif4hat,way, agile sweat to do his duty, and . . ypushed by him. witness proceeded into` ;.siere:witlour, where he sew a allatidana handiverch . hagon a chair.. ekilth be iiiiiiid as hsiog a..pithitatellarticle, and i brew it* •:iititieipthi!brategs_..!ieltii bedartompsnierl him‘.dak-0110.1111 nicer awe%wit p 42 -e-4041.41-v c.),(1-blintigni ilififitiiiii."" -in 1;soil*'s pi4geliu*,...iie.thelalt4alsip '• bet-lett with obit:motioncook-flit 4410, -whet placed beitefi5017 wi:imm 40 as",0.4074,25,55,[1814],1813,1810,1823,4,3,0,13
361,1823,2194,"hartfordi• bridge, blackwate • °l;',crsigll,;'new post coach, after-.noun, at reduced rair'esil„ pa'cligets trim tveyinouth to gliedr,eit-sey' jersey, cherhonrg t. !o'clockc. every wednes yand satorday afternuon-i• t o light coachbarnstaplf, and 's'llittr hwinolton new postvvery mond, ,v, ' 1 friday mornings, at sevenaicen,k. ), s ednesday, andi""' “ rockingham "" bef.ds light post coach, sets outetery afternoon - two;' al 1 passes through i3aldntk, big-,, e at - . tvansford, stamford,~ e, eaton, thielideti, stilton, ....00_~ tireetlone 6 h "" 'flock,' d, alai ithatu at r,it,,,,.._~.! rant ant, newark, .1 yhridge, to the goldentc-,,01u ttawtry, doncaster, anti fen-.—l "" -g """,0.464,23,31,[1845],1817,1809,1825,22,6,14,2
362,1803,2194,"c=q tboirris swinburm.:;i'sq, henry, titotett„. esq.'. joseph sttutt, esti: henry lowe; fig. •,k.can• r.q.•tr) be lieutenants-101in gatnhle,'t.sent• ceorke•• gent. jonathan ygilbert, gent. -•thomas davenport,.:gent l'atn storer, gent. i'lubbjll, gent.)es hurt bit: burr,w ttioirlas lev,g g reav6.;gent. 'l' howai* ato he ensi. swift,,beso, gent. gi..n.nd brown, jun. •cent.. jo4epht. gelir. c bade lowe, gent., . -samuel stensonl~..1:t, fesonli cooper, gent.he chaplain—the key. clurles stead hbpe.to be titttvon--thornas haden, gent.• proluntro ififirmtry.putterrnan, seq. to he captaiii:, ,georgi, hacker.g,,nt,to. lietttenant.• george l'earson,-c;ant..to be!ditto. stephen bedford,' gent. to be ensigti•thlbrotl, l'azzletvocd, .1,,,4114. eaton,. 414lirea walt 114iniant;francis bratishaw,, cai. to hi, qp,b,:in,, joseph bridshflw•g clfrt.•",0.4081,62,15,[1807],1805,1813,1810,4,2,10,7
363,1813,2194,"congratulation.t )(ton, stock-broker, 2, cornbill, and is,, c‘rentry-street, vongratulatea the public on their1711t1 fortune in obtaining the two twenty thousands, and'ube otlker great prizes in the last lottery,~,11,11e two last prizes of 15,0001., the oily two of goooi.u"",,,ri no. ts,g24, n• prize of. 1(1,0001. were sold at his fortunate,1 upweg. the new lorrkaty commences drawing the tithillf""ry, anti contains"" iwo of 20,0001. two of 10,q001. with,snskial other capitals, and only 12,600 tichets. . • .""ckets arid shares, in a variety of nunibers, are now416 4.41,, itt.tlaa truly fortunate 011iee4 as above._____.--. .• sta:re lorrettv.-14th next 4ionti-1.a rvivi' arid co. the",0.4704,22,25,[1844],1808,1844,1818,31,5,31,5
364,1816,2194,"l3s od to las od •carraway .s.,eas , 40 0d to os odcl.hito t'wo 46..0d tb 418 v od per qr.cm.-tailier du. - ,siodto p 5 titt . „ ..tref-oilcitilary'linseed oil cake at the atli, i•2t. 19s, per thousand. ,. .r'1.. • _.. .—:— ---441corn-dispectur's retura.—thursday, siptember anew vi•p lit. per 1d...4151--s to -241 bow. •• • 4os ud 11) 449 oggw lit. per ld 171 os to 4241 os old ditto cu!badry, per lir. als oil to 411 lid pease 4ds ud to 45* 0'4..oatsc);new bags.kentsl4scx bl 10. to 191 ost 110p.s.new pockets.kent ~ ... 10i us to wi",0.4467,7,25,[1814],1812,1822,1822,2,4,6,6
365,1813,2194,"°t(11 *i'l lie (end itafizett,i4void by ide -- 11' •jou s putaxmov.horrors. of 10:1devotion tootain their 1:0.(pats his pews,isewei fro; 1.01.44pai, ilangeirallied lit'sllin the coatt~°it,_ tortappetoolsve""l:deception°,iuue their10196tin dope tiilylia6,4fe111-0° 0'0(,borilt, to ,led °11°,;11!xlrcill;4odryrep4o°ool'bolol (01,lotti!actl ,oiffi 4411!'",0.3843,53,49,[1814],1819,1813,1813,1,6,0,0
366,1808,2194,", av.)6iir t' v, i 1,1,1,011,5 vc,,tililitinkatiol,i will 6,0 tlonkru4 10, v.,.1 eq.,(-741,tairl,ivilti:liih's cuiliknoice-rd,),lip ;tl' rot'', 'l',',,ih., 11..ii1, in taepoultry. ,'. :. ' . ''' ' ' . —; ~e-• :'ll'.a \v c.i ret wu k:, 77,, tisk: 1.. .1% st l'. e ea% 'i:front it i convivion _al tha:too ,prettlihvg, prlllieo.of; .""i'ea..i) ea 14.-i i, 110)i. lrt .c. s .ipert,l-,r)4,foi )yitit , 1,,,,,,,,a5pr„.0‘... 11.1..t0l(ia dit),lllfa`,;.tii:e •vilyi.ll,ls ill anti ' .1k..r0y,41,w' ill.„vti op""r i....t l- • ',',l'• 711:tdeaitit,i;ttl malffiliisv,ol'ius to rfit it ;ott: ofthe. t'ou'nuater ;~ , .1,.-.........,. '..‘ ' • ' 1. . ,ii eic kik \ d ;inil",0.3516,40,32,[1813],1813,1813,1805,5,5,5,3
367,1814,2647,"books published this day.• aff;f.pt&o ai)i)resses. .• : ' ?if 0., .va. ...i.fr rvol. price 6s. hinted., •a4;°.""7:1 ed •.a ddr itss.es""; .or, premiurni •• • p,,e, arum.• ta which is added, .nt ,:ttlti..lll tr.% v estie : in three acts; aii 31 heel-latsieo, ti% wrest lards.livislial : printed rue tlownis tege, no. iii.• etveap4ide :argilin lit:l9.o4si, hirad•atrelt; j. nick, edinburgh ;and ailother booksellers.-.- ofvenom savoy his hrid.nri...l. of tiiitii.ston and &hodes's splendiil editionof sil a lilsprp.4 a 4, price 25.; or wi4.hisrunf eleiirs 3s.i /uteri.. •itich;:rd kidd samuel kidd'eliraneth kidd g•ivits smear •alto storrs sparks letolise , .min, aii,",0.4282,37,55,[1801],1807,1805,1810,13,7,9,4
368,1810,2647,"it ..• r .it....... ilitiottafir ell:•i and antiour, sit, t• 'skip pm, pericnially; flood of valance/ and,ghe watt/. i'aii 'ogle is 46 vi ' .17', .. 4. '• i.,,• ,'• mai. 'ik. .. -.. f tal, et - •;., • '7. =l. .. uatl- , , • . .flutt i ant acquaiited with thltalreir, and, to take piss throng() i . get 10 10' witt ; mo, par:.: -: p., '. . 0 lailiktiirig r;:i• 1 7, * .)...4; v , ,this oct.l9iuti of spits evaniteedeg my sentimentt ot. ehased wale excellent pope et ade oaq at!. . , _...:.40r,",0.2183,59,53,[1814],1813,1814,1814,4,3,4,4
369,1810,2647,"spiked, theis inia„d,, •~:• to medical men.ems- fur the wen( patielifs whose cases are obstinate, of long this day was published, burnt or destroyed, and magazines btuitawiene, or desperate ; for those going loos jourities, or to1 taut wet size, fir wend edition. 9s. sal. sett'edi ;der the direetion of captain wiiholitol. if ; aid for thii•t• oho have the ricirge iif large bodies or -e 4,r .~. th b edila t. bemeaiiiilanceit ; or,whole or rho troops, marines, and se8.• '4- it, large honks are prepared; containing attorg than de }iii' being a sketch of thets.s ""ai mk.,lla il",0.4478,4,51,[1810],1812,1812,1812,0,2,2,2
370,1823,2646,"colborn and co. -coothik4froot;: &auk, with bum, af twat; „dialik,sigbiat artich,.-th• mints, anis, vim could riot restrain war tears. wen rapiikitsi invildf jimpati;,ol-#,n4.: am~ _ . ',lsod daopme and marabali, stationers' hali-eostrt. .' • drawers, ivardrobes, peokeatessfiscreadge, wasbiatassadt, coed,' a suliot. ginera,"". ire asked thensitq'eseideilide morei.l.o4,4klibilleill.t4t 41410511_ hi s; .%. `4.. -pembroke; occasional ladies. work, writing hissiet au.d poles glorious death r the loss of disesteem; in.kißieddied iilysevs., the grand avu.~.. og ,liesieskycittema ,.en-.;11.!-ifeniales at the tread-mill.a n ai3le- exposure of this inhuman practiee 801114, sidwood.sr.c.kciadail° 11•74darand-sl,,ernit'sliud‘dreoinstikm4' ,wit:nd; wbamdad issonnted 40 %qm ' 'ht illsgerßit4.4ll.-his trance °f the bois de",0.3672,28,38,[1814],1814,1814,1814,9,9,9,9
371,1814,2194,"11,,,ii.,`,."" lozencves. pliey abs.-yttk ()1,,c14,,, tie 'ol._.•••less, in any stage of • the cirs-kki7llo. 'tor "") ni,,vet discovered t i)rtt,t 1,1.11.01,, ,strew'thening and welodir.itir the.1 ""44 ""'d e ,,jlt,.tt, r, :\ no,. htqiiti(.4l„ll''7 4, ci, ?.i•l4l,yley and p,lew, cockspur-• : 1 i,..;.1%,4.!'5,•de,k retajl by sanger, 130„'4llll ""), oxfar•'• -•-- ''•; • •r • re-ittki., • r 11.• ,l) ti t. );c; y, at 2s. tid,p-ertro :t. ~. .t: ,.•. .. .",0.2849,52,4,[1813],1813,1813,1805,1,1,1,9
372,1813,2647,"be. considered as a itloiree ter, defraying any 4 ottick•ett u 1 ; and we drove theta • twit' and ;044 bard•neetral vessels'on the high sees, s t * beilieg lal bad bean -held •at .besaitidal an board. the sanestraoriliiiert:etences almady authorised :by law, i; them with icarcely 3000 foot and thirty how., thilli gere4.. t 4.4 derived 'from theliter or netlene; and 1,-,: itii!nia,ze.,fieg-stlip, for thelriat of_ captain carden,beyend the seals above-mei-laniard ; ' and a fuiiher re-.: field of battle wakstraw;d,with-dead bodies aadelithlie.°l).. tlette: • . it: - •: -.-- -9 'that no visit ,pr search.' or ttel•",0.3826,35,43,[1801],1813,1813,1814,12,0,0,1
373,1814,2647,"' . , • . . inn_ ..i1,le , l..ipte . 'e .. • • -ftilt 1 i present f.nrit•nrng; .duty ..11 . theft' . ... -.-enei.....l- .... !' -.' •• . ,1, !biota mow bv. iti,‘, .i%,,,penwe 0t„.....1., er• ': t. .epolliiiiikelvls.littir ;re deriiii'veptiriarthe-*"" tellikeghry' i and, ' tb4:),,, sec ma. ..,4 •majeittiote,,sry -.o. , -il ,terfarm ""., . , 1 . ~ tiagq: price 61. boants, - . ..• ,-: ... • ... npviis px oagts, july i. . . -.,'n state to, dractio; enenotaded tae to cote \ onibeciperationsir4 3..3m.••• ...--•. . 1,1.,.. ___... ,graca. minors ad",0.4047,28,32,[1814],1814,1813,1813,0,0,1,1
374,1813,2194,"by this bill, if it passed, as it ',l '""1.4tirely alter the constitution of -the coal' ilk '.....mr. wevierall wll3 strollgly in 11,1,11.'„uf :e.'measure.. if two years discussion and 7,4'1.°lion of it were not sufficient, he did /.-i•44ojutiwhat would be reckoned • a reasonable !: ~,,, 4inquiring into its expediency, nor ,v'nll,,,,j.'.t.#ll','4,1the tientlemen on the other side. rye -i,""a'---,of the court, he maintained,• had iiicfe'"",i jmuch, that since the year [MASK] the nolue: ,i,,,,.peals had been- not doubled, but treble', i .'""(1,11proved,that the evil complained of was' not ;0 4.ll'eltri°.i(rigibetr(..l3lll_,. ,,feo:arrvintii,leil:de. : are.gentlemanenf tietilne.dcletydh ett )rt fie) f‘'4(jrper'oli)tu:ve'is* . :lb%;",0.4418,54,23,[1822],1812,1810,1811,9,1,3,2
375,1819,2647,"sa evesseg.before s p. m.til.. rah*befs-reth r. m.'l.l noptibi.11118 18111 i [MASK] [MASK] i [MASK] 1819p.h.rme. iles*.l 10.11bess. i hassi i heathhow. i 1ibrows i a. it21 diesuist.iletane 10 a. 221 monolog.mi 1519 i 1435 mnnoffdt. p.llefse. hawk- -n m( freeman's kraal.)parthreat is 'spatted to ►e precogeed the thirdwrrk is july, ►y t►e passes hasse in person.oa semis, last sir saiiiivil sysrni.s , the lateatterary.gewsrali left teen to filler open the dittiesof his ippsiourest es lord gbief nerve of stewhnd.the --mreeetege of the late sir edward yalt, ofkest. which has less remain. ti somfesee, is new*shoed by waimea ficusewooo tire.",0.4664,46,34,[1819],1819,1819,1819,0,0,0,0
376,1809,2644,"... . . - -.-- ....-......*..........--......... .... .•- .............' ....... ... . • • „ . • •... . i. ' .. . • - •open •la . • .*stage -- • - 70flspace.. . ...emi 1111 •ig i'''' agil"" r- , 01welegtra. 'i.• "" : .pp"" eil ). [ • 02. \ .""' ~ • •. .• i.. a u ..... ., tr .i •al. .. , 0 1' • i ., i ....; m. • ii r• , th• . .. •• .. .. . .:_.-~......•~.,....... n ----u -' • ••,........' 4..........>""-/ • 1 er.,""7..= . ••• 4.",0.2326,36,25,[1847],1847,1851,1868,38,38,42,59
377,1812,2647,"' eiliiiii 413°. 4tirru.' 4).r.,..-%7liirr '4l' •k , - -11,r- il itlx,,, a 1 ,194i612.10.1at4 dviar74 vi 1.7• 1 wisid'bwrritieleight-doek kota • ',ee ta..:,,,ti, 0 a.!: ..rippll: ~ . oftlialloortlm 6ipoi-wiii,le 44,, • #,.s .4 ' g *pp, 4111-4111415 %has directed •-"" 11 *ma. pr. didianin#sweifteentfldely..a telt*, •we te•.1101.ligt‘ vre* eir 6._iffirc*,....!livena 112 l l• i•ntell.._l:.estel:ret.4.• t 1 ' 'r i.- 4 "" "" ‘.l.-'.11"" ' lgiiidwapirrar liverpotal. paid _alp. !lir; 'afters 401zia l2 - * "" -;tram *be top, ifs &sam ' ltimeithr. . '..m -.: 41, !,,41,...,.,,..7 , . ~ ' . •.- -. c., -,,i. t-..-1, 14",0.3533,20,49,[1814],1814,1813,1813,2,2,1,1
378,1813,2647,"bebe-*eat of the seine to the levy of 300,000 men, shall i mil. it consiits offjaberit '3otenetils, [MASK] 9ftl-- itivertised, by the ditigenee of the mayors, and ceri :18 000 men, blades 8000,sick., summonses at home, to present themselves before2 donapate offered to 'utetttittei -for. the vir-by*, captain of the recruits, to join such corps as41eill'ho indicated to thersiallet the hest request made rende.i of the fortresses on the 'vibe, • the odeir, and,to there by that officer fir loch purpose. these the vistula, but his proposals-111re been rejectei.conscripts who were marrietprevinusly to .the pub& "" 'fhicaoww prince meant to",0.492,32,47,[1813],1813,1813,1813,0,0,0,0
379,1806,2646,"teeth leputiftilly'white. aretcrie ihena ho n decay, and prevent the ro,lob ach=-19h mn do al that ran voliably be done by any preparation,.lounge/at id ha nature and pleafintait its ark, and wall prove a ira-, wattle acquit-16,w to every .indatudual damn. of, t,etb found,','ekan,aaa white, or of (wm., healthy, firm, an,l 11.uai in boatsprice t.. 9d. each. iladiem partisidar in launder wet r'*ul lttheirt,n, fee much grititt.,l by,perrld's dentate daiiilled !o_.,per bottle equal to any la lenduo, skisuchall et a mad)price. • ;• no. 40,01.0.1n0 cross, n44g the admilultt.• • ' •obeebork for die powders. ate. to awl cure rho",0.456,52,42,[1810],1810,1810,1810,4,4,4,4
380,1807,2194,"cutting ty,t.ditto, 4; to sons, -cillt;kitts, to,-,440). ;cid. to jet,. ufr, r.'' so 14 b lu.• i. to per ib.•dal°, 7o to 30. to 30, itcr ,`4eals (crete:and:l i. to ,att.t i pet dojo.'•tatinza /tone hides i ) • ) ;3• •,.,raw tit ohs,best heifers-and staerslis. st. or-i'•s iry,ts.30. 04. to p.iittiwn; 3s. 44. to zs. 64, i too. 0.l‘ *„'• shtt`p•skins .2a od {to 3''rice oi tall,wbv! ,; •st. james's market 4s. so. townta,ll7gs''tqrlfrclare market 4s. hi. i y'ettow russia-4'•°y.""thilvd""pet nuek et 43. 7d. i white. do. —s. 041j,9h ,pet stone of -------- soap do. --4. 695. 4'02•4•t3s. td.",0.408,39,1,[1814],1813,1813,1805,7,6,6,2
381,1818,2647,"peblie sometime sad robot ""'phleer.accept. needesee, my warmest aetbooleereett see ti.teuder•oer iriu•pb complete, permit mite siew eidlikilagem tif.youvrevrtiess, sad your early ippeeldilliiipthelehlelhave the bedew 40 bit. • • f 111144) 1. r""dewclaws. a •oostair waititlin.gaildhalkenfeeabiosse, joae,ll.the kieetiee is lead ffe pesky the kph !wt.. ' to sbelatval iliquoii in the present ,55011,44 ""on*undoing cool/ have wooed we to pipsiplimi. m mass candidate for the high bumper et filoall,l4ll/411‘r11le*absibt4platonist yes as i lad that putties./ is ifootluatimpbasturr,bartuht..iutel. derided upon. ; caoluit risk the poodbitity if:supposed in be ladifrereat to such a dietiiteibia of . .trout addrv.siag yea."" lit/, indeed, from lay",0.3647,13,47,[1819],1819,1819,1819,1,1,1,1
382,1808,2646,", .119•1143. •2. -a. ,p rac twx--new 4,in' three acta, f&u,e4 tip; dr4pea-rpat, t'iecellent 1 ' . wfd 34cseasors s kttlir- mete% _of. ; hylrophobla; • ilikei,t:aati7 ~ •abe said town; noir 1217pish raj ..,nr°ll or - v'm• pa•i c 741 of ' - • -4b°ve 4- • '''. '': .: i •41ci will be prodiicedalt and ilid throtigh thi ditekruegt bet e -e neriraeleiteettelt aid ''oblii toil*, ckit, sad. 'the. p.stotai• or "" '9l3r. - it..a: • ;vise et - ' .•- . . .i, '- -' -10. fn..: ~- • fstates of any other ei ' ' eaio.",0.3296,40,54,[1814],1814,1813,1814,6,6,5,6
383,1814,2647,":14•.sts yet continued on the manus? if it were, hllll -1 westwood co. • 49. wed 'q* wand*/ beall+ -04.4. -:-,i. dob. •;,, , • • ;'. vie 117girtiasiks1;frolpr.,~... ' thought it a .very onnecessaty,,,oroelty. no astswoe . •.grvel4srees ; u...imin sool son. fi9. flert-vr/rtk. and .4.: ..tolleffitillfl4 !to u.+ . pin"" 4..9""'fre.e.91,..,-?,.44/ '6 ',. aas given to the question. . -. •:3~ .14111,m1 *urns, flair-dressets, and bleilieine tenders is taws ide • eat' t. apil, fillehaertny . vo 0 .mii 14 i• r•• . after a few words from mr.-iriniay, .• .' • .~,,_,•gait coonfay. • . .- atit",0.3131,20,10,[1813],1814,1814,1814,1,0,0,0
384,1817,2194,".. set..alex. niubeer .ti,,, , ""4,:lis'il*strect, edinburgh.'llll,sses tin 1 • '-' • •1,, cl0th4i1,,,„,i, „„: , 4. le a,riqe 4... art..-_:,. ~____~...1 41, 'i nii t ,'' ;44 :sew votiltty m:irket, tatnntiri,o,:iklli, n4ippti j.k.„,titio,l*‘ll(i,l ()1.1 assembly close, f.:linhorgli.4..4,, ,;:14,,,,,,.~t. li. th, sole proprietor, i ho:4as ta i.' -iott rit', i5;..,,,,(3' hoyat colle4e melonurgons, afterilt,1-.iit't4ti',ltli,.rusisi,o . - dridgipstreet, l whete,.11 ti,.viivttto.‘c of inure, than 40 years, in a practice part""rthwai ta :t!'.' the titre of vrnai'eal complaints and those,'eldch :2- k'orts of geireration, with that itiviolaby 'zoe', 1,.1in.,11 of his priwl- ' .1 i i i i"", l•,4,,,,,it ..; i,,ttc. ,",0.3885,34,31,[1813],1813,1813,1813,4,4,4,4
385,1818,2647,"he sold a deplleate to list 7iine.- •on tieingtioefrantted withilie,hoiatitesie,iiiiiitaid hi thshrhhe ;ihstitwliioodee tlitettuneht 6 , '-etrd4wrisidtwohtlitaptatiouredispliehle; 441 did ion iihr.v!*4a cost urines: the massayik • . f 0lion iris strongly sysepktmedi4emfltr.enditaitiettii.ed theas blab.. . -~.vionmite stimict.—three men in thiempl* a*... fisy, leiter-founder, is tymitireet,, finelort,tre.seeharget.with combining to raise their-- w•g0r.:,...it'appetred, the journeymen in oki tiode bad re:fused to ondertaike utt fresh work, aftti(• va:mingwhat they had in hand, without-tin *deism( ln;siteit ,pay.. in consequence, sr. fry out' srp his fetitvirt,:end aypiled for a warrant againsinis of his men; ofwhom the.prisouers' were part..•the'.frisetteii pro.diced a list .f the prico,obierving, that'",0.3735,37,7,[1813],1813,1814,1814,5,5,4,4
386,1805,2194,"paul s...i.n,urclue..,r 114'e inurnci""b min clkapsitle london janles s li!i. at lar, ""ruton.street •in boxtes, price-4s. 611. each oriiie utl 140 x, contain.' the quantity of stir, for a 45. duty4t- f. •are.‘v1514.1' xn(ine ligleuttine. but those which tiu,ve 1/i,e44114 """"14111 45, st. rituva,"" tagrotc, tat:aidiseefirvi i'1,44'19 secondtth1 alone 300,4,flam 1,4 st si401'44 far the box,'4ritain little hheatt4tybilil w akio f) r'.beatit ofre` by a hrht tieipturoti.,; and toiliu4ricehe cantle operath, run...! at ttkivirl , itinqualitiriverlio wing ata• to whlch will be ,(1, friday. the-4,txatetta, agra.new farce ofcomic °petldkih.2vill be orodkice-,k",0.4345,39,7,[1813],1814,1813,1815,8,9,8,10
387,1814,2647,"kerseymereway rash..id ooty,protootebo.iiitrerino , . gen. . k.'s_ bari taken taken the c,,itair,_ ,4a, ebea,ra 4 ,„.„at.a, 4.....,,. ineaes ~,,eiahi.row. • -, -, . . .pader. iiild sir pot appear. any way *.: at'he should not detain thenfteng:: it vapid, indiked; au (dither otos w.. ~ . °sr. bletaz proposed the .bealtles of , r 5.,-be ridiculous in hir to jib at large 'into the, krotont• vi bucope.‘, stiif t evidence of tepee papers did' • • featureci.eloklittweeo *mod ad yeah of axe. illeatet 4/sige ..1airs of •illbris,lfter die very eloquent it'ildress, they not 'iri2. silk...ii.., teaponubibty of the nee",0.3145,3,2,[1814],1813,1810,1814,0,1,4,0
388,1815,2647,"tifettetp‘ri,iclll,* billli.chol• 416,w4t•retr84.41hat.‘04:!!""141ii li*spllliincatiable harldi 4,berittski• '',,!- 't:. : • ••• •i. the pile wiitcli mtera, to bqi,:snliiittet4tfwit,,zwitiktafri lord mtlyttlip: said,.iltet seme of inn* 'i tart (4049chtqtal 400110 imp, . 941 ' ,14,1404i1.. semi sash's, fif4lientabli'osrl'a•knewlete',ddri*.*;iabloof,-osto pelislo:hissipbe.f, ,a4o4l3}oi;biataki. eritoi:644 from *ioormoi...iy? hottortottook.,....ifid- 10,ir,orwas lit. ow ...i,l4.l44:ikaimece, kat, thirr;lortilkiits,l,4vitbt no tfp surprised if setnel4rie vierp•misioilit.afisaht have aamiso4. e, omit, vet so sse.4 -.6efsiiirthey chit •' - ."";'1- •• r 1 !..r ..‘:. „... 4. • '-':lik s'••-7, *lad.; .of the liewitip „iii cif . f ,yeitians sst . * .... ..7.:....-4/11 lific.r4o rt1.41w0...., ;'.,,.-1. 7.• - ""17..i'an herriings,opopi.es - * ths",0.4439,36,36,[1814],1814,1813,1813,1,1,2,2
389,1812,2647,"• ""t '-i _..l.ll4.utudfiet ma isainocrt, ,# lelire which eetttiefg end foot ovum; woe very clever klorses. a loch hale beeljitm'4.. nee.. g (tad price ss. 61..-1-0, mi. ga. ; mew mi. rev at livilliboi.snevio. -toinew aviteinmems, a to& witts• immo: told ladies' nu rnes ;it great inauy strong,.prim. ta._;„,zildam(d;gl74, it.fia,.!rlslt:jr ili 'll6-i.lliper rtatted.qiiiee, awl elevated piety, tt,ited ehg, 9eidialisami tepees, fit 11. r !sereine%, notil-symelsest, pate-alliiselgatirry, 116 r • .4f inch beloaced to whip, living, and si, elee.seeetel halndboonr 61+1140wayb lwow* &e.i memoir° • • •ors- "".•71.5 rts - si, •i;7llrifriali ,46 # . xl . .ai •' 'tile'",0.3565,32,20,[1819],1819,1819,1819,7,7,7,7
390,1818,2647,"you see resolved toshe so, give see the plot* of holding op your right.bawd.—(shorts of appiesu end a great show qfkiosik.).-nao, genoese. i .am of tdelighhe yelted to see yea;low. 1- hate afew *olden, say to yew'it is the first time i have had the pinafore. 1 wishto eapiiii to you the principles es mhiels.l act, withthe hope of iodating some of you to think more fa.1 toorakty:of me.—(lliiiing and di:approbation frogslii *li:4.oer aide.)-1 see en hoerst.luobios nom,91iiirei (palming to the awed) sins • great booth iflelitre in his bat, sod if i were bet omitted hestlaitialiiii, i am convinced,",0.4888,52,31,[1819],1819,1819,1819,1,1,1,1
391,1820,2647,"jterjakaa••''•age. ii was mrs. thistle-wood's second visit. 411 e is a, of :?ti. bell-alley.fight tittle woman: and worelebomiet with white riharels. 1 'the esatutsatieit was 'then aaljeafied;loo, sal',leime prisoner walk:ill (pr an hour en the kads over the' i having teason• to min* that he nab** eitioam(,;.pt;son. 'i he ut 11, r prisoners also • enjoy • walk daily deuce of far more extensive depredations moots dirpa 1 ...d-win the part of the 'lower a here they are coofined, bat against the prisoner.only out at a tittle. .. :air c. ilutittut sail it wet an inrestigstioa uhlet ,on therm-ley, a",0.4795,40,35,[1814],1819,1819,1823,6,1,1,3
392,1823,2646,"&.motors, ike. every likiedidat add saturday aficrneek at thr*•the un lon, andkelliftsitta.fle*lnfir 14644utti't .w4411106'ter, basingstoke, hattford.oridgoagocknnter, and awn*, newyour inside coach, evert awning. *eight o'clock; arrivespt: the,qincia and horses and vine nl,' soutuilt,toi,';llllvse trdetk.misfis is a most midst& ennyiyrisior so-dse tale../ au 1, , •my, guernsey, st. maine; havre de grew alt.r .!new vert, lay. cqaches, to dobc ' • .annie only; throng!' begthet, backwater, basingstoke. giants,' villthelinsels, andowie,llllllhary, weadyeats. gmbleaffloawkllli.teed, at a ""mum past *mead seven o'clock wan . • . •. batik and bristol poso.coaches, t,caine, ktatibensegh, flangerfberl ffewburyi,%7l4 . everyafteisoots at duel arrive at tkr greyhound ten",0.3602,23,45,[1805],1803,1814,1823,18,20,9,0
393,1801,2646,", urge oetavo, ao e,liertfait, of the author) _ :' • pi..&apt tp a& n rtiffersafrerl• 144* q•tebiii. ° price inis4 boards 1. selondon : alf° as liroploi and •. _ tkeoltygic29iiii:, *philosopiai-. pfifflip 'rite ocarina convelt ' ' l:mi, startr,arnotv.s works of the .. ,sepia al 4"":20o00 vairmilemiwiet. ,1 ... vt llia)a jonig, m. a. f. r. 5.. reverend 1 .* • om-r-r-7.... 10.000 11 c. _ • . . • trrwhiell la reared, .3 ...-....--- ono. 3 .. artmc-o. • •.• a. short aichisint (a wa lit. and wlitalt•iliade thole of tool doling., .eorret ?,zobastabbd.k,griteglocors, big ker, and",0.418,37,55,[1814],1810,1813,1814,13,9,12,13
394,1825,2194,"british ins raurion, pali...niall.rr""e gallery with a selection ofschopic't'ures by living artists ed the englnhol; is open daily, from ten in the morning 9nt,lsix in the evening.--adiuts,:ion t,..---cifilogue is.(lly-order} the sub'william baftnart). keeper.our saviscribers 40 the print from .mr. wect's pi""' p 1not"" our thethe sick in the temple,"" who. havehealing; their inipressim,smay receive them ""1"" paymeat of the remainder of the'ir titthseii >rums""; at the brj-itish institution daily...----to be solo by at`ction.13y mr. sotheby, at hi 4 hoivae, ni,.. 3, wellington•street,. strand, on friday, july 2'.!. and threcfollowing days (sunday excepted' at twolre o'cluels,0th e.sliall arc .very sp teitt",0.4556,30,55,[1814],1808,1809,1844,11,17,16,19
395,1813,2194,"next, as tie usual i.lf44 :i'*,,tl, -'l,l for payment, btryood ttie. dare of cat.. 1i 0-%t 4 ,xpitz.. • ' ,, t,iv:. t alttittili., , .-knii.t.i-;l fg.nning, jun. secretary. •;110~ 0.4 .ir.i,i,,, ,teen, dojy, at the said 011ices,4fmthne~,,• ;.,,,,.. i,l' 4tar'"",, go;..tts.„,, itrehantitzt,,and slaps, ii',l'l',' , ,;•j„;,,'l, - r 'white intifiling,' from 1..05s tit' damage.teak •,,,,h,t4j4l64fi7illie assllrattic of acid -granting .annui-..tvi5,,,vt,"",..,..1'11; -4,lti,s't zl‘.""tiies : will he issued free of. etpense.. to tlile.ul.' ' . ifit annual premium amounts to (is. or ui:i:l'l:l•l're..vl:4l'it ii).l,ll''i'''l4""lctilitle'',ll.ttilisil?l'lli) baegyitislit prlze,nbetiambtl 0, 4, 7,:exv,,i tn.1)611 11. , ..`n,.. t6ntiort respectfully solicits the 'public at - •g",0.2929,44,33,[1813],1813,1813,1805,0,0,0,8
396,1811,2194,"will-.4.t l''11""1t.""1""ilell' diet the above, the • niceting for th.,.in t) ol ali,iiiiesex avtil tdice place.1 • t• lia k lit:it, managing; direaur...,•' , '•,.. , , t„.oun l'\'/ fire..qerice, •aokittiami,t,,,:..„s'l'll7', strand.'t nustges.ills crace the duke or it iit loa, k. g.the rini rviir,le the(liaruis'of,liucki ghorn, k—• g.. tllc right ilutt, ttic (s4tl of northampton,the right i lull, the e...ii of luckingit.insilio2:- •the tti.;tit illii. the knot of tl r er'osloll. • 'v; iii4ol 1.r4,..:t1,-, estl, m. i' i p4. lietitard niurt.ini,. f.,,(4. ni, p...._a,,,1 ho,q •dirt clari.managing dir,et,,r, 1. 'c,44,4ther, 1,6 q. f. a's'. 'c-10 et.:eiris fir ow itritiv,vvla.l",0.3046,9,51,[1814],1813,1814,1815,3,2,3,4
397,1811,2194,"iiist repeal their orders in com,oil, end tenoilist:,e the nem/ principles of blockade,ewhich the mperor says, they wished to es(abiish.malistin lid abunitant reason to know that, the british .would not erni , could not comply withthese conditions procribed by the french emperor ;sod thgrefore that, his declared revoeittion wouldn eer.become revocation in tart : audit' was not theproinzer but. t ,act 01 time revoutelein (er of bitchinodificatroreatee creis and orders as that' theyal-tairmise to viaeo the neutral' -eotnnierce pl, theunited states) which -mr. madison was by law au-todeolare proelamadon, and ties thisworm ailed moat talpovtatit att of suprenii:et:wise of the",0.4889,36,32,[1815],1814,1814,1814,4,3,3,3
398,1811,2646,"es ' all out 141.5, meth their lacs, &c. .4 mr.t cam. by min pearson, f. r. ls senior surg..viii of the lock • t,haipitsi apd asylum, and surer to tire public dispensatory; 646. female biolitaphy, or elves of iltustriowswomen~11oackey ratillic prince lei aud pracilce of surgery. of al ages, by m. hays, *oda. price 365.• lii 1 vol two. prieelil.s4. inboards, 4 49. ifip uisiivers.kl lilnory, from the• creation to the' s. tyfaciiptes of surgery.iforibt the of chirwlical students. peace bf aniielis, wv. yob. by dr. prflivi.,r, pr.ees.ss on decoy. a tyirditiiiiuts, wwi' additions. by /an pearson, f. r.",0.3996,14,51,[1801],1807,1807,1816,10,4,4,5
399,1813,2647,"slate colour 56.. •me orem 111*. 'light glee'it'. liheualeala,661. l - ,whit.s.. mach safety and cer- hnin. _..., ta;oakis•tb.esiles .r,itmts.s7llsear_;gl7o6.7rneb;sg:bascip_,thltick_ft.mi talleeititijo!,eta*usltit ibelltredocelletare iewleel'll laeliforfeit 401. la case of killiereo is tbe ernikilikairate italseet novenas's peerage to thd0, i attendthee dally.--orolleary yee il present time, the baiter mss mud every endeavour to obtain. ' just pabihliedl* 1144124' •:- ' . ' amaileteetbe haihif!beeltlifnaste '' ' wit shseevdreptral vat •elteliehh*com•remekuudite.:!few 1 w gerialn' the die . lied at ibe tet"".lm ints• to the nervousand debilitate') ties., rewgerrale• ihkpeeeptimeek an important adagun to thet. bish the contractor. --• 4, cornbill, and 9. char'",0.2665,31,5,[1819],1819,1814,1814,6,6,1,1
400,1813,2647,"t. ,. .. •14 at3y, sire, this 'nutker,l/1111,14tihe innephialrt •• . • gs'io slain (l4' . •if ~may&patrons* to thq - fir 'darn, where anywei, fewhitlt the•lol.4pnal your' majesty ! ko' year.-4!4p1 ver***kallift,, 1.4 pt '---..' r, do ._. z...e ~1 ~we arask..ocalc idle, •th heed% is, rtht to ault welt, oft felt ivaong.yout faithful snide-ott,- •sontilohre illy*, imeet spew eeepetetsi, ~ . , ,s, ~., . it,,maybe ,_,.. . .va. .or .crson.per foe jheicity of rrytvi to. 'et. ftesschmon, as of y 0041017 t• ' • iiiiir: -ars woe, it elan* mit. riplftan.::::bl i visemei asii7-'o, .l, solice* .",0.4627,6,33,[1814],1813,1814,1813,1,0,1,0
401,1805,2194,"i. 4:1. rrt t,>*4lldi,",0.4254,48,51,[1851],1852,1813,1813,46,47,8,8
402,1805,2194,"i4t lttil,•t ; ;; <<t toy rr;alie r i t :i alt: 1 sil,./1114 r :canto ' ;a; li'.is',j.'.it: 011 tit, .1)1.:t!et ;f , •tilt hi, i , t i)l.l'4slt)lc.l !. torit.d t i', • t; • , •tt.f tie ~,itty 1,, 1 1.."" 11 li.‘l,• . •u copy''eit ar.:ll(.lc.icorttr.' i,'', e:.°' :1.111 •' t, ,it t .1, t • •.. t ttet!tt r.l,, , , •• t, • . 1 tll .1,• •11"" , •,, yalp'.1, f•.:1/4,1,.;,.t<•1••\irtl, itt•t ~.41 rt ‘-f`. r t, 1 •it t*,r. ' : ,1 it; ,1. ti•11;:. ; ,•'ll. 1,, t (tlli:•,'•c;f„,,11011! 4, k,",0.3761,47,43,[1813],1813,1811,1805,8,8,6,0
403,1812,2194,"corresponding with' the enemy, he invited fortyof theiii'to an entertainment, in the middle ofwhich--; upon a:given signal; a guard rushed in,seized••the guests, and bonnet 'theni, when 'thismonster ordered twenty-fi've to be hacked to pieces,and hithself cut • the throats of the, remaining'fifteen, ile has likewise murdered his fatter, and, his elder brotlicr'; and, inowinirthe eabborren'ee"".ts . . .in which lie is held,-whenever :he quits .the -cityon atr airing, he generally. carries,2oo,oool. with111141, lest.,an•insurreetion should'take place amongthe-citizeus, and his return to be obstruet,.....d."" '.,- .:', respectable looking wonian once stole a pairof shoes in the warehoitse of""' shoemaker of cols-,siderable•sal.cacity.=-4""b 'owner",0.4785,56,51,[1810],1813,1810,1801,2,1,2,11
404,1804,2194,"genuine lidetiiciltsthe its ni red k ingdom.scarborough‘v1:!:111:vs-.to -.l', taylor, surgeon, no. q, new bridgestree!, 'i. ..qta, lonilin. 'edinburgh, may 2, acg%.w • the spring of ..t7 94 i. • wasafili4teil with~1venereal complaint, . which' i treated with inditict'ence for five it i"")nths; 'but was then obliged to apply' t°ate7.lucteli althe sir;:fil 'itrll:l3,;s ici.;iattlit,-1disease""e; whot(:.blypct:t:t.ie"" artci:a riif temporarycau)lit).yi i stope.ialteir:::,)yi:z:rir,eus.oi ta..iiitt:;rune; but• gr,)wing, in spite of all medicine .and the ;14'64. (,i,atp:naoo4irritieseuilic,,.:ecteig,r,laisr~t!i.div,ii(ortirlyb::::..r:sii,4,:c.l, o.ll:.viiislyseett..uirel)t,iittel.il;_tici_,lie:nrciali•.yi,ttwii,,;icilailii:ils.c..tfytitie!ariaialit:friln,tir,,,,becoming.useiess; in shoiai,,t,.loli,,,iiiiusvpeostrhabrdey,..ofnrllleynryl un- •thirty eating ulcers on, my boilant ly totally t,ia'.y, nearprivet of sight,-1 t wbui,i b. 1"" , •to particuta4 'c vo unitnous t,iciaiitne:iiii- ttieadt u,ricii",0.4649,40,9,[1813],1811,1811,1811,9,7,7,7
405,1818,2646,"e -atmm the cor.pdl-mal,four o'cloup and end,yo al an h&clock atit nsi:ed,4:if, shall g..---....tiie 1'rut prgi pc bcfoimaybe•/.11,r arthl'lrcc ,inti19,,a aoliefarernsthe pti;,,iitespative1 wenivrichi z.t.d condii el.:, in 1i tr.; four.i, rid •• .i tan ti•s',.loek a1 r-iked us a:tod.i f rill--:r -il inis by -oa,is poblish4 rah. and~ 'fannina vit,th ci curies; "" w•a. tf!',l, hr. and ay,• pr is• waitly,ii w..ks o:ion of •s. ini panin end la71a .'open• ..-liic •• ~-;tr,his tuna oias4 s•volthis itols, r....t1 iih.ro;by li, a..4, . pr..-itha we haweeksts. :-...etili ti..;.: •:el h-: -.1cr. weekfi serestprimetarnkenr•t--ore,tee : ' f-c,,isrt.it- .........di ,ledlebitus- :niins tgloiile too:,the",0.3609,35,28,[1813],1814,1814,1814,5,4,4,4
406,1815,2194,"• ' the :,bore extraordmaryrrzn will , e4)""'""rumg f r.itit. fici3saltd that 1,1 4-4)...ri,, ~(•,,,n, tit-awing on it.e oat a,, ofiic.. , cae's end shares are now on sale at theirtettil"" `)• 1):-ii roya'.... exchange; the fifth and.fitt ei,„ th • 'pi rst day,` and the tenth, twentieth,`.1.7'ili 'tie i', 00111) il*;e.see,,nd, will each be entitled to oneert, ~- ,al, u-""ar4 guineas in g.ild ; which prizes will be..p.aid..at. t...............---uve office gin s'pecie, without any dejuction w, i:atc. el .no. 1, rlori3or.n bars.perry liens to acquaint his friends andpubfici that he is rib, selling, tickets and4tot.l', ,in a great varietv",0.4889,35,40,[1813],1813,1805,1805,2,2,10,10
407,1819,2647,"avid lifi.: orricv.s tema.-•••••••g.the. iiay-marki.t. facie tel london gazictti3; oct., ildale, the goose' for the crown, attired, and tookcommill, aro ol!positp. mi. king• i their mate.it appeen ftnia the lilt of the sheaf., that the are'rife' diteblk siieritorsi felp•eaultpredlleasboi it these oo thfee og bit jtzascl ilighoort be pdr..l 6, e„ii settleee sestod‘frate sdr, eihrteeroaaholhe entire against the.drlemlatst steed •open the paperthe teem are .nasally liberal, with the hew.* et ...,y sod maths behalf of his lialreey„ le setcamion, for mal.!• ether ma combined. the poimeot of reit is allowed le a proclamation. mr. codas insult another appeal to sir.",0.4718,30,57,[1803],1819,1819,1819,16,0,0,0
408,1818,2194,"i\tumbrii. 810m1oy' contract for flour.al ilospirm, for seamen, greenwich,s• auguit 19, 18is.uch persons as may be willing to con-tiaet for supplying this hospital with 500 sacks ofii:°l-ir, may deliver in their proposals to the directors ofe and hospital at this place, on saturday, the 29th instant,44 pi'even o'clock in the forenoon; and in the meanbe furnished with forms of proposals, and acquaintedrft further particulars, by enquiring at the steward's officeqt`r‘:b• no proposal will be received after the hour aforesaid,!tell any ►lb attended to that are nut agreeable to me said3 ; nor unless the parties personally appear.victit,ili,ing-officp,.taiy i 7, ibis.tie",0.3705,39,7,[1810],1808,1812,1808,8,10,6,10
409,1822,2647,"kus of the greatest importance. this oil is invaluable: it era- believed that'so great wall is animosity towards his fi- i •,.a.,..klaeston, i)rtan, cobham, and ripley. on monday, weil- -1-f ellen &ile justly famed for eunng. in all its dlcates the iced easy end pleastnt, and is superior to combs, . ~, . ... _•-• .. .nesday, and friday mornings at id ; sundays at 7, and re- ' singel. a certain disease. one small pill is • dose ; and soaps, &a, makes the hair firm in its rants, and axes a eta- • mile, ,bat ecw onto not.roectes,",0.4372,26,38,[1814],1814,1813,1814,8,8,9,8
410,1804,2646,"sr es.a:mouton of the pruiciplea or dari,l hume, efq is an fay allmir,iclei, by the late lieurge campbell, la u. pr ocara of themarechal college, and one of the mud/ ten of aberdeen, dinthird edition, tames price e•. 641. bound4. let iiito3 wrirmn uy a fijitkish gplf. who lived4ve and f .rty years tiortilcoveresi at puts.. gm/4 ao tosparttalaccount to the mean at conftititisopie, tithe mill remarlabletnnefeajoal of europe, and slitcovertre fevers! intrigues sod se-crets of the chrutiaa goers (especially of that of framer) (ree thsyear 1637 to the year tells ; adm wake, i vela tar.. prig*it. is. wand.5.",0.4837,21,29,[1804],1819,1806,1806,0,15,2,2
411,1803,2646,"cult vatz . , '.r• .. 1ass:omm 6 and der miteauwneat.wed oomienit. hi sm. pried*. hi like* e. • . l• .• i. .ill pilikffallt 011watimws' si elfelitilis 'with wes. by wars heyillifiltl.l4,lllorderoungral igarwery a lade; witliolf the 11v.,,.„1,:=lo lades ; tieweiry isauw.sf the41dlobsigh, sad staid litioirf lag .r•' -.day of meitehlter. hr ow •oatio6 villhdoilid+►- 'raw radreribtp. pelee dos le -!' • ; - ..,..n 1,- i.x. aimee to mot otos. ow~,,. ; , !tholch, daticia tbe maws ofasisty of theirrilkit~. •at ebe royal colkswel. • 'tad 440 dontslik madeline."" la ear yeloasoildis m...• '' •xxl.xtudiaad es lad cottentatud",0.4006,66,28,[1803],1819,1819,1819,0,16,16,16
412,1814,2194,"0,3.ditto losli3ll -- to 110 s -t8ilye-grass . —s 24s to .5:2, od per qr.turnip, • lis od to it3s'.oll,l)frioisll,.red and greennv.hite seed'' brown ditto.:liarraway . ... 105.041 to ws oil ..e:coriaudct dovoia sos od to 65s od per qr.trdtoil •,• . • s. ' t;bs 20i to ols'od vt.-r•ea-. ,itiu od t04200s 01 per- qr..,'oa cake at the mi.% l3i. 11.. i.„ per.. • .. . . .... -. ..... ,ott tke ist inst.. at nwatt rble ..a.t.'r:ey, ft.c.ittlanuyflaitikt aucraln; u ofa. su. iiefs'. w. iiof: t11:1.: .2tl ia,t . , ill liikiot -row,' falinb trgii* -;harilyznan, ,4- a",0.3907,49,56,[1844],1846,1846,1801,30,32,32,13
413,1815,2194,"site iras also ‘4,7 -1.; , ' •i, an fur pu'rt had incrunt. more pottierfallt...:,---c--„,,,,,. , ref,, to 0,, ;•,,lonit:4, and particularly l.> ta.pis in istrliad i "" 1‘1t0%v'1h0f..,•,,e41, -den are 'of opini,ll, that fng..-% gr''''''''''''''s 11''''seth'''' '' '-',,,,,s'liv the pusses ion of that ovei -i',. -.,„'4,,tt'141,41e e0.,r,ir...."" •th„ c0.4.%,1'11vd to re%.ik :: '.!nits; to, do much of that which14wn.ttlat-rvt.t).(l.., atcempted to do•""theeii,:it„st then,ree.ilted to tho ii;:4.ni itint, and rc.itin:ledpt,..fsqsl ' ster of`the t•-atisaction by wticit he obtain' issver,tait i),:10.(4 the aiiisit c;owit, r,, which he made pt,,oal,t,n..tirtti ' a netv -line of argument on the su)ject.ot h44w.:01,1 lial,e.ild'afle*ranteli tretengsion,",0.3509,28,38,[1814],1813,1813,1805,1,2,2,10
414,1823,2194,"feb. 19.—beef 4s 3d a 510 d; mult—,,,, stiih oildit6s std ; lamb os od aos od per stone, sinking utfalt--- 035; ab9s; kyr 24s a 265; barley 24s od a usn; oats 174a tos 8t1; pease 26s a 27; per qr.,wheat, eaglisb, pert rquulariverf.4.ll... i 4.: ....... lest;°;s: 5.13!344:1:,-- new . _s ..4barley : ...- new . . -s a3-'6 •oats, old '....g16s 19$ l!wnew... ..kiga oatsflautburgb259 ‘261.0""27i •bean( .._, ......1 a •""0english tares ..—s """""" a .1-- foreign.....1 —1 rapeseed ,prifen ocorn, per quarter. , a, littyisciiestkr. feb. 15—wileitt, 40s od-130rief, .--.oats, las od—beans --a. ~ ..1,,. fdi",0.4756,27,34,[1846],1847,1847,1822,23,24,24,1
415,1809,2194,"~~.-: ... •l.7.1-r-i;:.;.:•::. :.."",.; ..,.:.-..-•:.',5l,•,?~....7:~..•p 11,vi j.aor,pl;eßs.y, !an. ir 7.t •r+on :64 cif:,?re,„ p.,' ileatd, 107- -• • ~!,1t. ', •• •p 111;• tl! 2.bt it :it tit c4llisle •6,uir i.ortisisipb utlt» c •apix.)itltectoif se uf c;fitway, j.n.ritw 'writ ‘'..as orticred rho of;su% in the room alb:: 1-fou, t,tolit4accilt:!.cl tile otisico tit: 1:lt: t.,:ottnnistot,trtnavy;m.r; gtlr:s tool: tthti oaths 2:11.1 la: :teat for st:sir t. lifilt.re!4,pregcn:•eci t petition frorrt thedebtorg• &in firef-1- id • the 'county. pao'. tiarrey,which was'ordert‘t to tie en the, table.. • • titi,tti in a will.. •-11 ailed the attention of the fioe..f:eto 'it tlie}'. had agreed",0.3649,47,50,[1814],1814,1813,1813,5,5,4,4
416,1806,2646,"and before the tit of ja.ottery, day, in a mafterly and effeetial nutlike for (pinning oflbw, or hempel yarn, and in be worked by water, stein.lierrob, err otto, se opal member of sphrittee ern! be ghee by thepend. or the heft e•agration together with • faikkoesaproa•tiihrsickffilinaverina. sad performs's every other work, to miler aty of phi or hoop ready for the spladlev, to keep*so an= emelpgryadnettle alk km et ineol wig beappoidated, and every eneou-gesiostit wbkta lem good log god oseettlry will be given211.11k./afis• it wolootalkient quantity ofit * *whore woe or good and to eflablithq-c-r-oadnime • therod. oak, the",0.4481,62,18,[1803],1803,1803,1803,3,3,3,3
417,1824,2647,"i ;limey cone tkm a 11 1 ' t .. - ...i.•'-""•''. . -of platted.• .. . - 1 i • .torionet.'. -4, i'iie -- - . 'bart•• ----` -, . ;'• •' .. ~...t"". :•-• • .. -• • colw• . ;.•'•-•01 -.-• .....' '' '•s • ' -• • ' • belf et'lth4tly en oligil***°a'-41t. : •• ' '. •• • .01. ' y. .. . . . • •.. .. • . , cede •e t• • itne.l44m ' ' • • • • ••- .- ''''' . ; hutito rust matt • • -;' 4 mister",0.4871,40,21,[1814],1814,1814,1814,10,10,10,10
418,1813,2194,"c-,11e.1lo v. 6, iit)n()ukt,and obey.t 'hepriiwira characters bymr. allatedl ili ; mr. v1t..1.1e/is ;mr. min-i'on ; mrs. stoketi,and miss se()tt.... to which will be added,% ent it n n-v, splendid krariik comic ps ntwiiiine, with'entire inm serntry, trfu-e.forto:r,ions, teiek,, dressei,,, andi,..,,:eia mtesie, lovi,i, ii.... iteen list:no months in preitaration,attid intvnded.tti.it, poi; aar l'erforitiance on s.iturchey .ereit-; ?iii list, the 2.iitli ingiant, calleddavy 'jones's lockcji, .or, i.il.acuit:y'd sc's.?..4' principal characters,harlequin, air. swan- noptune„,..mr, vilimis t, •. * amphitriat,nlrt st()kits ''-old davy juan', mr, mereintiy;,, . pantaloon, air. data"";ti' • 4--- i old commodore,tly. sw.i4iiiing' ;-- l'"" frisicalinda, m m i.. sipson;~",0.3975,1,44,[1813],1805,1805,1805,0,8,8,8
419,1824,2647,"ever be blasted by consigning me, an inmageatjtad.sofertiteate nsao,.to, the seofiald t their lappy•tromp ofit for woe- be rendered desolate, sod.iwws.-ilv etre ilia* will tall a melancholy . eg.imply or the rain brought poiatentiumtlly by me. ilitr-aosedt god, geatlimen consider befure yon &maleand is my fete. i stood bore, 1 evils raker, assisted by_,kdisioa power of aledglity heaven, with the ceaeolat;onibosisa4lllavo ever acted! konourohly and honestly. and utim•kervor wink at decides of my being supposed nimble ofiii6--et:titte,.assl is conclusion i trust, n,:y, i sin sure everyam wimissitrs mr, believes me loam:eat; if there be anycourt, *be is of the contrary",0.4654,2,28,[1819],1819,1819,1819,5,5,5,5
420,1812,2647,"endhikatioh sitteedies. ike ihrrease of we.; ph** sillti le p. 21/ iftlitrl ,r. 7---1 110iii.o.: slit absence utitairtiaid.iamt the pinatlagt.int +air*. of 4 - • ' - ' ' ' *oft 'xi.ilkeieekt is • toe•kiiiirt•juk for co**trys wait. txtuetac .tltogr. 1 °lc'.l; ' irri*i.cittlin'dtioia 'tina.; iil. rentelact. •• • et re* ilitillefiiiiii sieiptim isi p . rt. si-,it is • trite stills% at.tflett a nologisis fnecnrraptitia•it orkileisies with this 1. alpi frph„f .1, this citierner,.. i -111-4fithßgelveln,kindi eforrtarniitinvc 4 . fielitra •ofotter to the stews thirert .gammana. exhibit where, la i }:44lfli itkftlfaids pirinfasidakt,--1. lirigiaad.hhidlia puma/torewain of titre, the voters",0.2621,34,52,[1814],1814,1814,1814,2,2,2,2
421,1804,2646,"1 c.te f:orralie%ni .•:;t.'1.? iv, 018•kilit stcr• a et end.; to !tst.wit pe c e •ine,. •••• •••r .r.f7ast ti..~~.ii. ...ai in. •. -.- ""ll `: a i't . rens . t • , ~„ ••. ','5,,n,e0.. •.- , .' t ,a ', r i -• ' -;. ... - .._ • i . -').14r ;*"",...,' ci:, .- 1.as .•, "" - .', t.,' . .. . • .. is 4411 ierw .l.....' - .i , • l .~.1; 1.• . . •-di .... • .• _,•.... .. •~ . _ ..•l:,_. .. '1•„ •„ 6s g'. • .....,.....,_________:_..... .",0.4968,43,34,[1814],1814,1814,1847,10,10,10,43
422,1806,2646,"this kingdom, which mall be produced to the troilus,before be rd of january day, the (um of a 001. .scuiching flax by mill. machinery.ix a premium of 3d per lime will hegira, for all flat which 1hall be idalle.bcd by mill machinery. worked by water, erededi.-,r added asuay mill after tit january tdoei. as& which kali be ,fo leuteh bcfure the ell january, day, in the itrorinces ofledider... otter and connaught.mi returns are to be, made to the infpedtor gino* cherie.jdian, erg. of linen mil, dublin.:ttereletivw cea•no. a and 9, tube made in acted week of anyranditt.fpf no a andj.",0.4041,51,40,[1803],1803,1803,1803,3,3,3,3
423,1814,2646,"by, hire-rda,ll,onipe'of l'atilti• of theirgikilia-ti t*!st and r4itio744,k:vith, their. *peo:::,tiq' csirp, 10. weyer, 'again. litnt tif-10.04gbi the ob.:titzittei poios'eil its,theof.o:.foris oen. way•ltaratkli'. intage, rough vitb epasiclerm le 10.4,,,,tinatiougigtin -their corpi,-wixhcint furitiir2at act or litolix4ion,rjr, ' ~, ••f:li of 1305;.iikjigt gry ,bbionarict,for ihe tivit..i • :- ....,''. ""• . .. .= - ) • -*- , • ' '''.'i4 ' !gi'it ...., - .- •. • 'the ic).-c-oailllatitnadik pspwrs, owthr long ipog4 es. is , ip*atot:ibolittbrep: thimis.i.ffitliu. 'titirett ‘ll:yii,'stnth'seresaltietet.of artillery.destr.tictio4 of thvtlici.le toms. hit force must b_ acre13cei1...34/.:#•;:"". nfir,:hiiiy4amii a' thau it tisfble 'pro-port; t 10,4i1y ttiott.tott_..san4 horses., rtelilluar•-' shul if_t_cs-,n'fillerrils.rit",0.4297,4,35,[1813],1810,1813,1813,1,4,1,1
424,1811,2194,"6 ,rsnbbid.r.! ditto r, 0~l. nti, , 'lt .s o cirant h lough.rreq t. i ivic l-- ""41?zun ,2 ' greenough's i inc"" .. , ts'j:iill,,,lls ...., *a 1 ditto-rotu""""len8"" 3,srt.tt's pills :'tot"": rb' sthatiting syrup -- ' 411°viati3o mit 1-ii. ;its, dee. for- expiart,aion•.in- , a 1.lit. 7 , oai i. dix ()n, 4,l,sit it434fy •k thiter:4ll ti..l-• . .,int i li. y: --.of-'74t opptifttio it v to acqtiaint yo.tl,titrt,(l7.o:4 p', 1)i ',(,,,e i ved the nlofit.wonderfu i benelit_t,rottt theiti'll4tz""ll nlc i ° t4:s. an t 1/31 1.40 u s 114 1.1,5, which lt:ttic,*thein ,n-tatruhta, 'anti 2}ll4hoe frietids to",0.2553,8,26,[1813],1813,1813,1805,2,2,2,6
425,1813,2647,"a ra,. willi "" .:'''' 1 nude his attogk first with small .armsr., and shortly :.in brabant), and with. the iceitieg.initty-killedind....• the afterttoon,' crosssd at zen bert. their force 'stasi heaven has at length fallen on him, who. pride aod.l..after• wi:h howitzers and cannon, we wee already , wounded.• • &tea mx) cavalry,. mostly leaders 300 regular in ambition devastated the world-:boat , • • • •r enabled to answer him so briskly front twenty pieces : - the capitulation of -oresiten. bas 'tielitefigady'firittry•sed a nonibernlifouilinien • natinnal guards, seized and destroyed the most sacred things,,eo wont of artillery, 'that",0.4503,8,31,[1813],1813,1814,1814,0,0,1,1
426,1804,2646,"of ,lefin""beihfireettimodollr lease 'ideakr profanon. armoccaftoolay marnetial in aceensinte, awl await whom tow:guilitull. always attain that carona which la «tared 4 coccearivelag the easltobks and heallmeougbad the finibury. h .h, lanirs.conduitstreet. it has been the intention of the editors of the relent work to which they could neither know the powers nor life.thdletupts. b+ sal power ea ma dais ce dortiers.. and weltislnftcr miriam were co rinses ia the dd.:barge of t e • engine loam as it o, and to barna englinamen and foreigners to make the report of the finial from the platoonto be let, to annual tenants,",0.4703,1,41,[1819],1819,1850,1850,15,15,46,46
427,1813,2194,"; , ' .is ri- -,...- .' . allb 2 stew ~rt),.; .. george be.,t, esq. , john i 'ray,'t tit if . •,• u, po:lames '•1,/ . ',raines j. m. itaikes, fs+ • john tvli•lts .rolicy, , • ss, lmlfni bz lite ' ''''r'''' 11311 kelly -,iv f , itdt , t,..„!.. crieph clw, w ...---...-.-,... 'l-1-enty-1-i.nash •. • silik,‘,ll, -i"";sq*, • ti''''''l) flub'rey. 'mr. giese. john gem-,iio li'll•-• 1; ' j""""'-ittl' 'pun -----=-* 4°sepl' l'ag4 -.1‘ -.1• bucker esq. mbrris.op1 • lid in •.' 4. e1',..t""r4:1•01% ----- john thomoson. .•• '• , i .soi to - - '4ll-to",0.2988,41,47,[1814],1813,1813,1813,1,0,0,0
428,1816,2194,", ilit!ottp..,llyl7sl p4e pablie tun !:, “it,, mt.! e( .e.,.fe:a:7; 41ifk49,;,ap.i it 1, e c `itattyr,.rfortply,l ' the 5,101 r',. opt•rmiim in tfie cown of liddroli, wh!cti iscsio t°`i iut4l,4l.alieuutce-41•411r-ee leagues._froal-st-100:-''' 1i ala9lira.;-ja4444:ir*the,titentl)trs of ,ilif tor'iqfr 1;n!itetlie,2llitif,,...,-,41q110,41,,1t in-loy se""tel'""`)'y'lt:r 0 net"" nr, to tt:,o,,jogr,t 4 b • 1 i .a., igo rs""., jr, 4111$ 1111p11,t, itt‘ - .• •1fccit•cti iritli kindness ',:titif 13nly in ii.: t""-:.'c.. _on am. ,-.1.-,"" i ')• y i p i 1-e id •1641°44 vicli'llify .i‘stql• lift lir tlitpe i.""' il' i ' ' ' 1‘dig,til.t:„.y. ,tvere,,t .v„.ott,r,.,d, to i ernain, oqr v, lt))6ta"" •~.ph,: positit.e-iiiiiiers,",0.3268,24,3,[1813],1813,1813,1805,3,3,3,11
429,1808,2194,"separated by 11ro.k walla nom the topto the but tom ul the i tow 1 late and loom) i. mow,.ex tensigc arched wine vaults. awl cool dais) usi.t.r ilsei lousti., and lionittisalloarthet a very &anll r thiesident:v. totmoili ito 1.111 la lie contiatioits to the mansieo. ettent a fold..hoot three aoes, *lll,ll iclst a colt din aiwa.. he1.414 ta esy redeemed. ihe iltilbet us the valid* will bein.tu.ir.l ur the (mtio. halo.he premises arm colt) hold of the manor of greal ni.strov. bus med to . vow artnii.iry 041 litltallall4lll, all ito 111f1pchub a wf ik.lhl oita ito the yetrly",0.467,53,51,[1819],1819,1819,1819,11,11,11,11
430,1802,2646,"advice to both sexes, to'bight %radical and parmapent cure for thofe fecret infirm:kiselbow whithlkileaey of pen forbids to difclofe even to theirjtelmiwore with a treatife on female mantes, nirvana, hypo-elm**, mid confuroptive complaints—to which is added,ate* to bath and notostell bathers, am k is partkularigreeipuriitl to soteriss ma.- - -.0404-jwaiwipipiii«.:l:lo-',als77-•—•,basiwooft imildireild **oa alai 464090116'flap9ll46ll,o6ocollatalt atadderadlstos assisedv klo lllso-ridipel liffs • ist ftes4 lege lielmisztwatery- gout mug didriffoito"".soar iitiollegoissfoot.•. o.4oltattowdoli. • . , - - • . ,. . 4004 61.0*e:1401* -i awimmallut, histlift *. - . mift"".l4.llli see tient* ' oftweto befistngsvbtes migantest efibelkorts•oodesotod aa*ateuesiliplefed by virtues, tbe bid adt,",0.403,39,39,[1804],1806,1807,1806,2,4,5,4
431,1815,2646,"eves tat""• •having yielded to our method in a tew days, sti.• r th.•been attempts .1 by otht r prauti•ituss withote dl ct ;has been the agreeable result of pr.coice tot !!fact. •the mode ot treatment has out, to u;te illtt. •l• c""proved alsurtive; during winch petite'. node). . 41.woolen, togetlit r f•tiftral tb woods ot both tale- 1 ••!t `s.kettenced the re.joynictit id having beta ',wooly it•severe :aid injur nous nicaloods 1.e.! beet; per-evered to :0: • ?"":'patients lii the country to state ik.ir age, inattner u. i 3..by letter, rocks:lora remittance; will have theand meil:cittes forwarded to any",0.4811,1,53,[1813],1810,1814,1815,2,5,1,0
432,1830,2194,"wen., in feet, hut • permanentthat ivl.ieh lit i e,rcty behrre been enaete4 far a owl tur. 1i i!aie hoped that the new leer woohl bemote shillol and attentive then the las., awl net 11,1-e t,,11a4s 4 11;11 fur the amendment of au act whitql beenilia a short ii mil iii exi.tertre.i.ord nucient toiwe vi, to in li,to promote the employ uerst of .the i,tamt it% va,r,free hieing awl w ile explitinki, taat the ileac.clausu watt intewled to traiipl,i with that a 3 steto, ktoio 0to most who hail turnel attetition to the .obj,,cl,which retttoi tt what were honett ;was",0.4206,22,46,[1819],1819,1819,1819,11,11,11,11
433,1824,2646,"no yuma, eery nseiber behor tense/a host &s. .-nonniam the pies of bevies-as nowa smuts decided in ads meinmi's shies loth pet** pestsedes, is main meg* byt phitima; as all the above gupta& and sli dis a** prises will be' trams. iarmy sad every number :low es - eineral.ti day, is .oli novisibiite the; siiiiau. nt ova serisr ai tits bored to the &win is so earshot% slid lefts: al"" smarmawn. ar me toarminati akepther, bus 'midis as early got- 4, gimp,these *either of bis edges.4.' coonsato r sod casinos cues: c?a i110smtbs falkattas citi•itat noe, all draws es tams",0.4471,33,34,[1856],1819,1819,1819,32,5,5,5
434,1814,2647,"the' val-tritilipia and stibbia in the :,,to the amount. of near 40,0001 i i: • rarkrenf ""..991.te0n0m."" ort.tke. ' i 1 ... .' •.43k016. 810 , printed for j. joh,,,:a•mg co. fit. frill's cherett_ra.d i hope of wetting some favourable diversions. gen.-- - amount already advertised .0...7- ‘ where may be had,' all the orm works of mr. aid miss edge- bonsante immediately collected all the detachments. ' s asernen.march 3, will at 11 a. rspasilsrellarvand co.min""lcj. grt!ea, sea and co. as 0 worth. . .• • 1.-11`.401 ri ~ which he had in the different rallies 'and left brescia•",0.4603,45,55,[1813],1810,1810,1815,1,4,4,1
435,1814,2194,"now stated to 057 thatpei of fco: maples,elaayrsl earl,a bb oe ivneg- m e7:t'itileo,iiitilsical(,llri,esitp.obu:y,rliti,faeoiriitsili.iiilseteer°::;:'oer'f,(.3:,,iititnlsicarist'r,ti.ekiit.b:,:olii(to:onoxious relation the noble lotp nreef,..ecitli'vlsupposed to stand in tow,ards the pre fti,itijiireign of naples, we are not prep3'''':,e occo'fect.tsomething extraordinary most b' the pi, it i'll'iwithdraw the british subject (rot° o.bicesoy:ilof his own ambassador, vvith°,utviolc,rlco.eit;f°hardly be presumed that any soc° 1 o.e ''',lletotehave been exercised over biro' °need ants °vg iv,told, accordingly, that the case '''.esearol'illthevie distinguishedtrenrilplocsliitt 014p ‘iei 0 olt• iii'aof the nobleman in question. 170 „e,of tile tel""tr itoloce •~ a letter from heligolaod,io( go it..eiaiitpsße_rrosi (t)ani ti.t7tl.lt; (;:t:ilet. cs)01' it. i°1$1:1) 11:4/,the last",0.4935,31,48,[1813],1820,1815,1815,1,6,1,1
436,1819,2647,"be roe lieswife wm wt.* of realises y.militant dihallati --yesterday moralag goo ofthe corporals woggles to the colostrum -resiasestat... ,_as guards, gibe rpropte 011030 et i opetliag maws1 which pearl through me hoods for his cogarl-e,was drummed oat el the regiseeet. a rope, is i • anoise, was placed rued lis ote:k ; ho ins led toe.twee* two di omaseis' with the test of the drunkenheatiog their dooms loehlad him, ki frost of the re ii.wet, from their barracks, is the ilird.osge-welb,,to quisiernere-pte, whets be coos be loose abasehis bodiless.amiantus fias.—lest *ia about aloe o'clock,a ire broke oat ea the",0.4121,33,7,[1819],1819,1819,1819,0,0,0,0
437,1813,2194,"witnessed, or shall, weli"":.‘8,1-,,, look upon again in ati erlglish.theatre,—.,.4! iz,t.mo ns and a nr, king, who ought t 0 dcaware that it is dangerous to atti actflee t ' ' 'part'ictilar no-ip9rt the stage, were 'g,uilty of an e e (4.their pet,ions in the ohl woiriert , wl:kir% ht110 t to be passed over in silence, anid°egan-, \,,,,t be sufficiently reeprovedi • perhaps t' •se men""night it necessar .1 ..practical lit.de _en,ilets cy, :arid to illustrate the aberrations from' re-:,'i,,aie.nt, peculiar to the age of the authors. by{ligui it ,a; * „,_ . ) id impudence not to be",0.4157,35,51,[1813],1813,1815,1811,0,0,2,2
438,1811,2194,"teriy idde .. ,be r'""perur al ei.andeit with arty large' furr,e. • .t"" e enul'us, we sh nol .1 think, of j'a'"""";. ierr.........--...r....- vol..ye, slerkliy tui fling out. very wei, 11.411 vc\la not take ilk mailing's walk 0:1 d''•„,'ll.lcviud,or, but walked toloogli. the rot,;' 0,011'a'tle• tire pitinctosas nor any' ul 1110.1.30,4were nut, out of the cislie.• 'rite aterli,')•,,c4 i '''°n)peuciti,oilleilcill(e:ale'ci4olvlitipmaiati4elcl'itctsa,t.,ei,i(!lusr,i it 1111:i'1:1' *4l.(f.',, ' wynna, and r‘,.,,it, d tilt four. ~,,:i4''' f cio ~.,. the experiment of the' new. oio'ir 1'1.,r,!,,y,°'1,with bayonets, which we meniipaed yt!' ;lie ti.'''l'i' ,trade in the course of the'litteroooo,; la ,v, i '!i the admiralty,",0.3327,40,52,[1813],1813,1813,1813,2,2,2,2
439,1810,2646,"b= i. ni il!calutitg, lel4.litheiip art , pniceedlas .'. 'thistirwitifillolkillar • • a %basteaa' pia] itaemplitiebt-bet dekeleicallitebee; 'ar,lvireteebilibibetaneible eireeni, ift *ail. ay. itietalli•ibilobs). ea ' *tot, ttldsod to •in two vole: '. 1 • • wel. aa - iwo • and - • '-• * 4l*ll •• /e1114""4"" 34/' '411•-• 1 l*s- ' of ~if hoi.•4o•lo.ir fialplif kstaltjil ..ioolm9t • wm*. bakdeges' my ia val ••• • - - . . ' • • ' floomojkakk+ :us 14040~.t w a volta ns6 to e; 4to ' ee 414. -- ••8111)..oft '''' .- ..ebitslittfek ""for 40 banat • at• otmn-weil •",0.2465,43,34,[1814],1814,1814,1814,4,4,4,4
440,1816,2194,"- ctoerr..ter for-dv:vt! -v and' ip 0 /mir p4' 'navy-();tire, ""frig. 01 idiot:.he princip.4.i. 0 prlcens and com2i/.15-4. stow:ps of ii ls .11:4jestrs n. 41-7 du hereby •titte ivotive, that on fretinesday, the 4th 4,septenther next,'4t one &cita, they urn to ready to treat with such personsas ""'y le willing to contract for supplying ills'lla jest?:1'074. at deptford, wooltrich,chothant,' she2rness, ports-**ma, and plymouth, wills liiintiti alai wchisve3i6.samples of the -*tides, and a for,nt of the' render, may.lr teen at this 01,ce. .no tender will ge received after'tut o'cloch, on the day of treaty, nor any noticed, unlessthe party, or an",0.4142,51,56,[1805],1805,1805,1803,11,11,11,13
441,1817,2194,"speetitmy nequano: .1t and the that nol tie -actltnint-'.''' 1""1 ,1v parcels or luggage, of more that)'t'lltl:pcet .fl1c,i.13e, if lost, stolets, or, damaged,ii lloc°:t,,1 paid for accotdiney, at the saracen's rteau too.",0.4489,25,51,[1813],1851,1813,1811,4,34,4,6
442,1818,2647,"a de..er ide he • tegimitist, his had a sepia cola-glifti:7cool-'brat *irk i ire orel el the 40th, in whichgray fed; and 'tin ethers wore beaded. by jo-.liiditei ntersitehh,,tlitly one of lilli kettgli supposedlabeler le4b.l!;iiiidl•ie. felt power (bilious hadillitymilettw't#'44.4hat e letter, fell.of preausp.thee eidlifribmhbfl,i/lin umindeststagoteedr., • klelkirtleiry eibittelbielpflite been lieltiltelitt'liglaatliii: br lb,' stati v, itigetietitiie *inv eti,..tatho, piit dianidtawnrtelik witt elf 'llktwvii. 44. 'foe ckliostly tritlibettowittiemettibt.iiii4sibet.liaeli . &aloe, .of the .48t11.: wilt/jobe : • las 'icetiti niel tillielatist*lrerelf eft( *le sobel1 , *wend kw depeadstecied; wwi nil& defilltibt..:col. mona, of tbe 40th,•‘mallitegiitilli 111i*ilk.1...1la •i,i, ggifiv-ve, oil (,) losetalle • i",0.3279,29,35,[1813],1813,1813,1813,5,5,5,5
443,1816,2194,"l0v..,1.i.., hv'uted:citisi,:ifil.4ptith.o nogo oy4oeoua).,,,,,ofustirii yrliortiifllotlisi ht• ill:•ilisjij.l. otthoi it oiol oceitititify. witn-""offiers,, )it-titv cure. of ,ocli de;frd's, 16, thy itt.iitimi,zpogrei*s-ot rtfoor,.timt. is the a'jtoire•oit:;i lii t1,..-ii- vxuvrienert. .• v e-,;:, (..tallti.e aiia•tlm' vl3 ;iv`w catistllletl by itatients •ct(e.:ther , -.: •vith litt,g,t eat est,t,perce.e,4l aq honoar, at theirhot, ~e, n,i. 11171,' 00 ffietltit.c.ii:' •*ihrf,iihits"" 114 l'ille; iwtiiltili. .,1.11,1 it.; li,vir,vihkraget n 4- licitv:i:al..kmiltt mt'livi44,4.-4c,.i ~4:,,,i1ig 4 rt.;l:it.i..,i,, fir aai•ici. a1i4113-i.47iinvi, 'clic i4iliii„it) 4,,.. oyellototo-oitooriylv,ait 0.4,1001,,i14094i1- s - -:- • - 'toi, il&tion &maw.•un slunday, • the 9th ,fitldiidieht in, one •viii im r! 111.10,11.1:11110, pr lee ss. in buards, •tut",0.3713,24,6,[1813],1813,1813,1811,3,3,3,5
444,1811,2194,"you may shortly ex..pec4 io bear of importam.eventsin tins goal ter. . .the estimate of the damages by the late horri;canto at st. bartholomew's, won indies, is tfin,ooodollars. ~,,four of the wharfs en the ',butt wen en-tirelylwept -away.''.by a gentleman, ,srecently.arriied frnm.p4ri:, welearn of the ftnture at least of s,lrtle of. buonaraktl'sell-ttlldi. h 4 grin! plan on which ha ha roily, de!pended for o.sepply of sugar has beet, totally= aban-doned. ,it was toorid that the!eatraet from the .beet...i oi it. did not"" answer the. purpo:,e„ on goveralaecuants.the gripe protlucjl ti saccharine ..stiboapce, zmares.t.in resemblanceloiegar from the cane.r but there'wai this",0.4599,46,10,[1810],1810,1810,1810,1,1,1,1
445,1812,2647,"olowiird4 of 326 a-rrs oftoting dirilinrdikkettoi ore* liflefiernrsjoolilk von.inst. drempa4.3oaort a inas tzipirinit etit.pri4rhretovis,- uhtiesit a: late e ening aimee. • w ith %. is al tiusapaipeaoke.pmark sal .iflrotit•tnitlitinfes. end iipwlinti or' ere.' pfland. now iiitheorettheiathrof 1111.ffelillieferirtionidee h wise,pniiitnrina.m.allehaetapeprildti, ; neoix the 4rtnele,,,r. hicklasodigi e9hltioor% imiti trill he wilt; the wiljirisig--161inirlrar•and'ilwerallronehot/j chifhael: tom"" ptier'siwf preetrodieltnitnorttaniniiiar itittinsit new in the tircoliati3nii„iiigertriperanne,.nnd err ir,11,...101, derided into . amid14114further partieulan may he lit iblentiptving to mt: wit&t,fookeitpe; deektewa eilif4ll; mr. eldatlllll whilleeti. yilx-font.. suffolk _ 11% pont_ solicitor. 41tittln,;hire f or the anetionever, tho stet,. tater. ' estrfotiresieniars and *caitiltloin• elf dote, melt",0.2879,58,28,[1813],1813,1813,1801,1,1,1,11
446,1802,2646,"is to agog *clans 111 4414, sad bins. and eleven of southampton. ipmd het our% sod1.6 body day: 11/01e0ver promote sap, a_t•oquire maim from london about 7s sass: the lit ezedil,ikeviaratiattleolli diet. reotarfelboald be le*, and the rides itnettpfiesmatred.ewgwertban aortae irritatatak &a cell. sr ispocsay boa inr .plearooti-by tkcjacal • -110441 4 die ""m •siolttheinsositatear be odes* at bod.dotc atter i this illit4e is ooplitoik , "":. k noma *so,of eutlog er'titield4; aid do* their diftloguilbal iterowdatkoo of panvane attaistltcd, elltontoaar .lorplitty,to thirpranffes are la good . well 4eaf,wigillak =dot itythitiartioner, win, by o eisdlbun to-auld, to s brio ,",0.3215,22,4,[1819],1819,1819,1803,17,17,17,1
447,1815,2646,"efthtnit ooy • at matra, marsh. sibiu% and cm sold, would not produce more than between tfto and £so,•and • .l'he brigs ot war andorautoon wb•aever. •corpoesticaof ludlow 40 0 mrs- baughts k. i • - •2. ii she is entirely without the klstliteans witatever to extricate bet- ceptibis or obstinate defence.v """"d ""lure. am selling at blih's (the contractor's) of- wade browne, eel. .105;0 s. acton. listi. 2 0 wt. her efforti and her indusfrphave been comings]; but her a gun boat plated to infilaae, coon obliged the enemy.'''..ll""iiiiai, and 9, charing.t. ro,s,lontfon; who shared and .mrs. stem,. 'sl",0.4447,3,51,[1807],1805,1805,1804,8,10,10,11
448,1815,2194,"wood neal.tioas (li lttli(11%)iviiiii it :icei i(etilillifi.telli..rii:::l ti.:t.esei pn:oili.riiti;nt:l.,r(le)lifailntriti:cv:r..ii:;:litctil:igtria,r;c4ekt:teel:les:ilis-ii:eth thegrti liale°r's‘prlisii\!bi ir:iagn'tl.l,lell?""l""rilt‘2)t-i,toe(t)l:ntle'egri6ft°llrsillics::63/;t:ls'l!'°l4r:tile elfrigate' of 3') guns. the brig fired the ',i be eyoet orer}:loy 11it,',16the frigate, fired a broadside in14;.igeraent lasted for two hours, 13 vitibes s,redi""t°1 shot ; when t'oe frioate'fled t° it tent'ti i. -tic,brig was too lunch (farna,7cd - .1"" . les tb6 1loghorn 4n the v.f.411. ; la bloc/°;the en•g'lisli frigate the clor'l%.r- tleoikv'eelo'rs'`ji'e'cirliciltrreneli frigate la itlyeenne, atbriusf,pi.s, july 7.—we this ' era' "":1116front the city raps of lille, that gen iie.s.9 °' tobag received, by the tel?.gr'll,' ;(.1:e a.ol 11,119: cifentrance. of the allies into",0.4772,9,44,[1814],1813,1813,1805,1,2,2,10
449,1814,2647,"this 101• wit wasalprr.._. , mimi"". ..itt*olo patuil• t . , •-. • . . ,. :.a• jr .1.4• i• vitfli i ref—. ;41111 on 'i.. f. resolved. tam axe - eh( in a • •on pip zuglibitee it .toe.wg.. soatdry to see our papiellfte: •11111 r -- .),nafr 44 .. , 1 i hth ••• --- .49 13 6 • . ; glut the lord leawood nf,tbeo4ol, be-igram so• posq ..i: . atermo•:.. ....) if sistegoelb 1 .7,0 . ~_••• , aea• i the petnitsaite thelibeirl•lll=eiimius.,lllee!eent'eee• ~,, , t. • l___ ~., • ... d d the last 20",0.2341,42,34,[1814],1814,1814,1814,0,0,0,0
450,1816,2194,"private loptife,..nti. ill, ,i,4.4,4c.;_cliartotte•tiitrect.,,‘ ,114,i -i'm d:tnyitrc. xt-here the necessary natice .tout lletlivitte, it ill.he zieen, -ii ionit to arty itarilof on !mitt ,i kiligilont..2""tli4 flt.ty teas poittlithed;:ttlicoi4l3. hitiedlit byf'l""""l/3°'4 '''''''""‘'.4 iiii'd i:l4,provo l,,etlibom of o,,ittactie4 'flew i‘e tag the,vciwre4l),pie.i innd its pritiegiitices, stitt iin• sheivrooitithil ( %i.' if.), ntil:iiticti.)-rotv 1 2441116-'bi:l4 ;tr:.!, int vieet-pltritict ir liitt*tr, 4,24ivit4suarti 5414 --(niti by ali ittittristtok-ulita4,",0.3797,33,7,[1813],1813,1813,1805,3,3,3,11
451,1805,2194,"one pit each ural, and !tirewere broke, out :t fright tu i manner ; my right .`"") f.)i lirfully, painful, and had been in a state. of ulcerati ,011. 00 11,lot's.evett years ; my . left had also two largewaa y.aty.11iticil discolouna, and gave. me such cl 4ng pain, particularly wii44l warm in bed, ath 'war ireatoyprive me of rest ; -in this lameutable state,.1 w 25 ,froal°mended.by mr. j. thorrip,ion who recetvod- coll!cure by thein here"" to ta4 your loalz.o's pat,vie courridwhich i began to. do on thy 26th of may; inof a fortnight, i began, to =the 01,2soundly",0.4503,54,37,[1801],1813,1811,1805,4,8,6,0
452,1813,2647,"berlin and in the lianas towns,with the commandants of those places, telie will m-ies, as their dear brethren 'inarms.—ln the field of honest. i myself will bid youwelcome, and fight 'with you, aud. for you, until,.with god's assistance, we shalkestablish the freedom.of germany. . ."" gillen in my headivarters, -at berlin, the11.thlt3) march, [MASK]. • ..1 .• • (sigurd) ... count von wittgvisteinj't..'_..._..cifepostram: and guyianwiinr, r 0,411 a. •ju-t pairliwirif. • • , •• • , in ran gm. price 144.nalirdet- .• • '''' a‘......sth e exp edi 101 c v -maintained ipaci.) advitoesd •rd!pa ' imail% the system by",0.4864,44,2,[1813],1813,1813,1813,0,0,0,0
453,1814,2647,"by' .- • 1 sk .. ) ..• • v , .4 .' kiss nv kir -lipeterminat/o4 to teal* ~ gittite4t -eltropean,•l'd 9:~ , ere isspeetennelp tne.country thin rug qtmatige‘ that' no .~ a.f a.eimt aiteimice and respectable •trift 7 i.' bpi litgiint; itittead 'or lb ree ' ""4 ,500601. its 'are al wen °ao"" .., . • wilisuff• . canfoiellijracilheattedithilispeeier gisoliecoor om ng-ibtise9 ,r1""111,1114)ineetell in.'4ll the in.;.,r ' tor. 1 ip•. 4' .....• . ~• •-n • , • ,alsopr pb..l by lord castlatteagii, took. pis- . i the kingdolo bar' - .opt chosltif n a ....o,staitincill laskfoit i",0.3283,34,53,[1814],1814,1814,1814,0,0,0,0
454,1813,2647,"hat. being peromittpd a few ' t 001. a year given to the directors' wass quite an in. .. . • is. add casa,tae-;,„„„„ei.„ livings, mei rise, ' . _months ago. by their ifair.dres-trak to use other oils that areatliertited, they trou found the direrence—their hair fell of,or turned (key, awl they • haveadequother thus the rosin oil in future which is the heat for limy, ate reward- for •the high and, ardu,ous duties ... z -declared they will use iso , which they milled upon to perform.maisteitirg the hair,wheu dreeing maim false hair. in short, t e ...• where",0.4107,12,53,[1856],1850,1850,1814,43,37,37,1
455,1817,2194,"by eat"" ‘••• ... ... .out. of tisicr . 5petw:irths..... .f. by scud or sorreier,........ ..... . ................. •:( ..al ttr- „ even betting oil carrie' •..coid.i.- -subscriptionhandicap plate, of 601. fig 10 , • . ;d. of hu,. • wards. a. f. ,11........ .......' gad's-la b f rhoda, 1 yrs i""'.4l) :.'b.oi t- t. • ~;• ' : 84.,;;;rattan's u. f. ~..otiet, 4 yt-• t;eo.,-t i°.seven started.—tbe j ii (v...........lttll.. . _g.1, ginthestret wog,matii p(1,,,,, •w 9, of coventai'ardenmot, to1, by permission of the ma ,wo nighls' retierester, where he is to perform for 'l,niselfc ott tiieway last s",0.3942,32,45,[1810],1823,1823,1804,7,6,6,13
456,1811,2194,",1)1(1' yl,''sii .1' 'tit,24or ls. 6ir. bound 11l red,i r; iii,;,. rote niargati.'e, belly,' a complete)4;4'',0 i `'ugli l'os ' :•.. mi). neve andti,4l , 01,, i~..4„_,ins errs 'rioting__oriole, .n an , '41-41111 y ~""„"" ao aeertriito riptum or darr:tte,l.l ~ is .„4,414:: on the isle (afartiiinet ; 1. nstrtll:ct 14111 c it, *,,,v.,41epi, hy 1)t, buchan •iltedi utrettiolp.wr~y.,1,,,,„41,k ti.. i)r. pi„„klitt, 3itio a comptere firner(:14:',kl bvltrl 4,t,. t.r4vellers both by t. 4 imil cvstor. jo-,ii,4101,,r5. , utogr4pltic4l nie.irioirs of suvr.4l rublavi''rlis p„'""1,`,11101 is 1104 a, i. .11w yvl,ipte 1-1-0 y• a,t,,is trit rp. 41teter plaurit,•esti.lit iian 1 4441141 44(1",0.2875,25,32,[1814],1813,1813,1805,3,2,2,6
457,1801,2646,"•,,___williet 0014.., . __204.• dlll4l malee •,, , . ,n_. -in 110 .s, ii '', or lett farobleits imo. riec.soia&,..... aikw wok ••-on in •tos volumes °aim.; .wa° omp __ _ v 11fe4c nts ' wi riouis 8 i . e icr 0 c .'r 4 . • • .* , s malt= pape,, rani fraditir rivii:nm a . : :.!ir iinell, d. et.' ' . by it.rin „of the vicitiltddia offi floor! fteifillkilraklea9lol,l' . # whir 4.. - temple. ; . tied**. y. ist,,,,inna, ill the sow. .i • qtravia by baerc, b-vtar eleventh, of .irk 4401""1""4""4 a' ppir",0.2334,55,3,[1814],1813,1813,1813,13,12,12,12
458,1810,2647,"dr. milner.41040045 es baboatif.:nitigulppoubie• a ai•easiest of, tbe • • whit* vasirrietim 'skaitlet freenam% ago wee darosittaiftsilmirak.vaaanicrios. ,cufily,l.:llo6i ••442 445 sr ‘,. '_ against ~ on _ i,.aad say that he ores totally_ mistaken .he , ityrany.word helfittpuiod to him, ( allf. geotten)c ,e the,brit • &brag epos 014-stigmino. ma -bonclodedtby observing, what 4 use 414,10 ,if ,19,111: coltptiy,wgatid . bet ,61zo op; petiti64? 44' 1410 • ip!'4440*tat pi. inefilvoitid wow all , ii 1connettga awl comottoicedoe_. siltig, w page, ,where cardinal, ;fos* lip talker . pros+ • ,bijee. 1plitc), egglit weßalipeiilit ifiehililatai and. seremedy ellif!, ehllattioisiltmepeniudej or, -1, ether,wordst",0.449,46,46,[1819],1819,1819,1822,9,9,9,12
459,1814,2194,"'t 4c^ dint, at the 410.00,111. iorrof the enter-'l'44sninbiv requested that ladies. and gentle:l:lenriervaitts to take up with their horses headsge._...._ _ -•....itoy 1-------..,....- .pri/t *-1 aa-ade:iiy, somerset-place.kitt rit.4\itiiiiition of the- royal aca-eel.th. (iron: il.liclose on saturday.pingl 'got o'(;10e1t in the morning till seven xs1e;:""a111;i, 4' ciaalogue is.f,, ~ p .rtzia„ ahlbit - henry howard, r ceoryi, ors are desired to send for their several per-4e4ay the lab, or wednesday the 19th inst.in. e 41'..m°v.:11, op the post-office.. utl,„,libtiletirqu7tlenee of the great pressure of persons4:1,1(';,,,t e,,,:t nighiii- the petition to the 1.1.°11'),""14,1'6‘;tt 'l4.lt,s4l`""'s, er'om the merchanis, i,a.n i. •?l'b ''ni.",0.4269,41,31,[1813],1814,1814,1814,1,0,0,0
460,1815,2194,"occasion calledthe attention of the house to this cobtect, and had then un-derstood that it was the intention of government to directthe coarse of those who wished to .emigrate from the utiitvdstates to our own 'settlements in america. advertisementshad bower; r appeared, holding out direct incitements toemigration, and in some places of scotland much disquiet-and distress had been produced in consequence of these ad-vertisements. several who had left their native places ofabode had been detained at glasgow from apriitill the pre-sent tithe, having only their little savings to subsist on, and,a large family to support. one man in particular, who",0.4865,53,32,[1818],1812,1821,1821,3,3,6,6
461,1815,2194,"eleven o'clock, atwhich titiiehe arose trader evident symptoms -ofgreat bodily fatigue.. he ate halt a round. oftoast, and drank two §niall basons of tea, hi-s feetwere in tolerable condition, and at ten minntesbefore tvelye, yesterday morning; he started front.thitare,aiiil billet, in gods[ spitits. at his btatt-,ing he hact performed. no' less than 700 milesafter going oiie l•ohnd he halted,. and d addressethe multitude in a strdng northeffi dialect, to ihofollowing effect"" i have now completed 7dl chiles, which is inid.c than anyman ever did in the tame time, and under similar disadvan-tages. lam a poor man, and. i mad this,",0.4355,50,40,[1810],1817,1818,1818,5,2,3,3
462,1812,2647,"the return tier gratni.outtd, onv reectine the choir. of me live:tr., proviug win-, einetiorthon ! tnemiar. the ilth of march, at half-past three o'clork.of th•• hai.i. imo, 41.0(01 of hi. e-tote and rarer', of hi- celli , . a ismiti„n. complaining of the rrtorn fur the florough officate, dirroar;re. hod allowasee. partieulorty tendon.: 0.1 the i penhigh. ou thursday. the i let of march, at three o'clock.henetiei 11 eller!. of itieh cerligrate, a- well il. iii! pon. find i a petition, complaining of use return thir the borough ofnece•fury step. i. he porrited for uht .1 ais it_with the order.",0.4936,37,54,[1803],1819,1819,1819,9,7,7,7
463,1806,2646,"exchange; bmiland as 10ra notts et hand. sad in cab*.21=1amid*. i• fa w trolepeea et 000d$ end •speettfaaated or anwrowrht, for a linalledeeripl 4; at*mlle ole wale bat term. the fatitfednott witem try dbe aerial*, to link applying mienrotaries tieediels.letters to mr. weolle or perfooal applications front elm tintaw obeirclk.ta ale wee.atmmeer, n. td, quell erect, setae.isaac, win reeelve.laantedlate attendee... .female at fraction.to eradicate thofe klemilhes of nature horn theall. row, nerlit,,aad ala, •superfluous hams. thatwell known sad eltablillted depilatory, alfrects royal'qom position, is molt imoelicial ; it wl4 irtt prepared for thewatifil minentire. the weaterfah of vibichlt is compered",0.483,0,50,[1803],1819,1803,1803,3,13,3,3
464,1815,2194,"k, lliagitoile., tiii t tie 131111)0,"""").:::...'zitatt's of tiii.-eifili.,,)i wi. liam t'. ti,ma, 1011110 ta,;tuicr, i,''',-;1i01,,t, .i. ..6- thi, 4,;ic, tit iklli/cls6b/ iillti ....,,iit, 10:1 iii.:l o''''till 111 t• i. , ')....c.v1,}',i-r. ' ,,state, 0. the ai.....rs of david ;.:tiiii, nrantifactiircr, ..- ~,...h... 01,1, lie at the ohtce of li_liticrson. and scott, irraco tb''''till the 13th fr!'eceniber. .41'1.-it-tvin. air, nierchant, c:olfistrca,n--janlvstiierchatq, icxamittr nwit.ll,lrthuinoligvr, 03„,:t.0iscott. .grocvi•catil ;1...;•tutu 'co. nwrcir!ut31,,,c11-i',..torhrw-virziatt (ct. tortuerlc11,,,,•g11, -aliti jatrivs co,ll-‘""1:hill prink:wo ti,ctistitem,s4 4 tlr eartti—weris. ut i...,:rowuy.est dr)applica foe tii~cauu es.vvc are sorry to notice, that the honk of mr'steniens, of this city, it it to snspendteapayments on.sitinday",0.4245,31,41,[1813],1813,1813,1811,2,2,2,4
465,1801,2194,"l tie t. srx it, wits:•elveled p.r,:xidullt i'• -john ,to, pit/04i ili (1,. tr,aser.er : 's an, vz t...14r so ns; ls(i, ditccioi ; ' •the rev. thomaswilliaii iviflidfitti a. 11.1"". -sear!' • tarn ;. and . . .m..the rev... jour br .‘nri, a. m. secitity, for the 'tear-ensttog. . .the soetety.ailerwards dined •together at the crown andanchor tavern, the-sit:and; aecording' iq annual cu::tot n.•• 101\_,i brand, 5i2.(... .siiroi'siiirf. % -.- ~ - .al sessions held i..}tii day of april, ?sot.,the - justices assentblea: at - thi4 general quartersession!,, of the • peace have rporsuant 'to ' tlib statutesmade in'the",0.4426,45,40,[1810],1813,1801,1801,9,12,0,0
466,1807,2194,"contra( i may be seen at the office ofthe agent l'ibloaller, at portsmouth, aforeinid.ni/ reg' ard.will be hod to any tender in which the price shallnot be inserted ho words aflength,. it that shall not he delivered111,4 reekt4 fore twelve o'clock o; the, said thursday,' thesat. of 0,1,3,r next, es..r unless the person lisho makes the ten-de, , 4t some person on his behalf; attends, to answer, whencalled i.'• office of oitbardm.,r, tsept. rs, rbo7.the pr4vcip.4i, officers of fiis 1114-7, y..es r ordnance do &irby give notice, th.4ll's vorals will be received at their offer, in pall mill, on orbefore",0.4742,47,26,[1805],1811,1805,1805,2,4,2,2
467,1816,2194,"bulatice due to great lititain. • it109,1 hing bc../..n a point of' dit'isr,eneebet!ceen tittlto colintiirl;„ what %y;1.1 thie.to,eiicli otitt3 on ac-.(lonia of pit oners of vvar, the • french govern-mott having colist,intly charged the i.:ngli:,i) withthe expellee (if prisonets, iv? id) ""they cootended•were in our service, bur which the alinistersot this• colintrii bail contended we b;iti in lairocis no rightto byar. 111 ipm, it kvirs thought de:sir.ible to,set . this -question at test by fts: arrangement ~:then conclitd«l. 'pre probability of the (,!iscits-ionon this question beitig trailt:d on to ): r ye:its,he:its, if they "", step •• •• had not.",0.4262,51,47,[1813],1810,1810,1815,3,6,6,1
468,1813,2647,"/isomer distils( mad ebbsetleni this may're , at. m sibmitted to the the ezpeses;en. eentiamity. tee oziept for ea'individstlt a public are th•tarop warmed, that atim it *reeds of fioe %hick will mold*to ebb *lea of abtotio, explaining tbcappn-eatechy oop of which the ilellonn to he maiden. eievdtell.**pulsed as pitateres the comet air disengaged. at di&feed' b4b mid, lehapsgb.ibe amaral centequeneen. intug iftg ei&onishisaldrhato. permuted toy a iteadoal and safedocent. ithatiw the gammenity,,be lactated totelefieraps thisiusiettakias. pad eanms the ?tektite le eoisopiete the &mamebe twain coatemplatiaa is etmetrock, it 14 hoped they will .mmalien their 'neenah's!. as ws doleacris plan",0.3155,57,22,[1819],1819,1819,1819,6,6,6,6
469,1813,2647,"ligion of her aecestors, the virtue of her daughters,suppittoit pioyaii, at 31. ifs. 6d., per down (lentil's ed by disappointment, not.enerved.by. defeat; .bat ! and the valour of her sons. yes, the valour oficeitsteet. • - , -, :with ettginegt .4 numbers and. rehpuudetg strength, : her sons *hall shine, whenever their wrongs, andorders abisigtorited by the agent, mr. dodd. no. 10,nottolkeeleetttleiddlimez hospital, where *tapirs may be. filled by illb 'hit is enlightened in the land. 'pro. ' the crimes-of her. enemies shall be forgotten.sera. .g.. . •isc il,g. e voolianett v 1 l 11 la, a am.lift. iv hi;erhnpel-rowil.•",0.4583,15,39,[1814],1814,1814,1814,1,1,1,1
470,1807,2194,", 11,4ublc 4qttion , 04. altsl 1.41e,,,4 41.! 34., 44tychafed.",0.3865,45,32,[1851],1851,1813,1805,44,44,6,2
471,1801,2646,"1il• • qits •1./..""., •: )* ...y 4 ~. :. ;.:. .viriple4i i ""n,. •1.,. , t ' .4. 4 1...tt0...4l;.,,,41-• --,; r.,""0.. '...;.s-f • ~. .). . -.4.,:: .•,;. -! .*„...'...'n.6,-,-;,.. '. , ..t il 7 ~.-...,:*, :a. . - „1,4% _o* i 'ng- • t!'',--nrn"" .",0.3536,43,43,[1814],1814,1814,1813,13,13,13,12
472,1814,2194,"tbe„ cer''''the police to discover theft names ;'' '''""(l , der:it is (adds a fellow-labourer) that more til'iloctii:l°(""inlay precautions were taken in paris it!' .i''''ly afterwards. on the evening of i'lcti;fote. 01 pt' 016titillsiteelmggi ;111:toaerisitrio:f.bat:l3ll:ll:ellatrutrilil(eit4reiess were °itjei °lit thewhole night, as iffeted ;, but all remained porfeetil viec' ,:il;t°drgtv'ea-.....r.a...------an attempt is making to revi"" ti-'e lett°they %rel., kept in re', lice°~ i ' ,114of differences alleclged to have ex'' -l iv' pifaction,the pitinck regent. and his danghtes' ;mo/ 1)0whose game it hasdoug beleilait i'lltict,off child against parent, should de ticc itsis not surprizing -,, but we - hope that 0,",0.4326,27,29,[1814],1815,1815,1815,0,1,1,1
473,1818,2647,"• ..itow tramairred by endorsement, or will be paid to the bearer if tie if of .... ... bee stern, a money 6.t.w 'and mr. side, tunbridge wells. -, • i74. of 441) sterns,: fel -tie. 6 605 , i w losj. nash, lianerfardivest..limea-draper, eep. 114,19 elergifit *ilia, was resumed. . - „ii 'an bleak shalt not be fitted ep. 18 of !al° siert tag"" mosey 6, woalit. •a : • . • .i. i at the% bite lint, ilaofigs atwater. mr. cube, ldetterls eel m. rouen. coll,ine aecieded the trlbisekosis iat ii n. e. 411 exclietiter bills. dated prier",0.4249,15,51,[1819],1819,1819,1819,1,1,1,1
474,1809,2194,"you should not. be at.s.tnit it-dthek.tral. rithe cathedral was- i iii-oogtd with specta- . into the pri sot:2' ' '.l"" he prosee•,tor, ty, liu i, a. feeiiie.tots in every - part i-- and, as ihe proces,ionce4;teted •• . old wan; si,:ar 70 ye its s us.age. tinditig•htiiis.:eithi gr.4-.:it.-ihe gri-at west door, the-tine tad-toned organ opened '. pahl, it 1 ito,,,c, 1111,1' lailwklliaely tll,lcie :.ii.l,:jl iip...with handet's gratid liwielujah !""fhe`chiltliets 0t j. pl:oatin ,s to ills s,o;nzic'n 6... it h lin el-il:11r anti t xterthe sesbool.s being arranged thi'rott, of the altar, the natty, iru, he 411u,,.;11t !„%ould pievent 3;iy)fl..const -service",0.4744,48,46,[1813],1813,1813,1811,4,4,4,2
475,1816,2194,"a shoelnaker, his wile, and j°11""co!tna.o; her sco, lived. o some c,r the iteii4ll-- into the cellao, one of the taectshock tog avec:tacks presented it4taf to their vial'''4lte father and the son-in-law: were liteil!htcovered h blood; alatitiockiwas bleedito;!only trotnihe•.'tirrit' aittl,•botly, and phittot0111111 vftil frain the loss of blood. lie was ontne4di;ttely catrjed to a soq:eon mar the aiott, who ivo'derid h;to the as.iistatice he coati, end then slothim, to i.llifillesei hospital; whore he i-rtts tended'by i)rs.johernes antlikll, he hodreceived a dre3ti!l'ttl cut lareration in the t""..1""and it was l:nrriesl to such extetit es toltrit arinost inpotsible•iti 'fake op the arteriei",0.4121,23,44,[1801],1811,1811,1805,15,5,5,11
476,1805,2194,"and or-thelsroeo.ioto“:.(l 54444tyof se! i'tftersbirr;,ll, '1. stiv,w itussi .the• reign o!. catfiarin h. il avid to the i.:loser)!the f.4ltti.sfoill asiatratedesc tion !klaititers. 41tert,gion, hxrent, .1;:iltril trim, soil, rlitnve,trade, 414611f:4;1u,, of the st,vzral, nattoits thatcoo:vase. tina wm o 01;1 , t ete.r,s.secand r.diilun. i n'tlirec lare,r \tiffs. price tl, tis. 6d.tit boartts. - 'history of tram she eittibliffminlit nfonsr-cbvorkr. t accession of c:,thaf.car .tta undere, i -vol4, svb. witt porttsitz.:,engraved from a seli,'s i•vitit i'rice 11 is. boards:3. tits.:l.itc a 1 catli,;ir i 1 . f..:p•resst,qtair) :-; itlo:3:liikratileproveroexs. in vols. ri ,is"".itshe‘t with l paro.,.r:, and .1 v i44..w of thefainduss:attto",0.4022,39,50,[1801],1805,1805,1805,4,0,0,0
477,1824,2646,"inan land, alid iiirmi hi. thei bet 6f 'mai. ad •aeritriliaegypt. she war the best tided #haprifiddirftrthesquadron, and carried a largelisantityarltisiles: -' to •the intrepid canaria the preservation°c.cht•florea is sofar due; to the (error of his oanme, d* twintirlintitbleinactivity of the capitals pnchn lis to; lie zaciibed,. andthe no less unaccountableillisperaione.tif...the, camp atscala nuova. evers fishing-inm oftb inn ire.ship in the imagination of tbeirerilts,,aird.evinpired.capa mariner—eblis, or, the cdtsed qiii,irntia..lirtlinps he isthe only- greek worthy of...thir nome- of :pattiors hiscourage, but above.. oli, his • dbinteresteihiesis,, platinghim high above-the colocntroniii,matzotcarilatos, andthe ulysses of the dab, liaainer-the good fortune to fallin with",0.4165,7,18,[1807],1805,1810,1810,17,19,14,14
478,1818,2194,"terms and conditions under which10)4„!)14.11 ‘4•11 he engaged in the company's service, may.heoral)o.plilicatiiiii si) the clerk to the committee of 1111 -r after monday next, the 15tb instant.4npt. t)t,..., 'roweßs's tonic pills,.11111),""1,?.-1""1""n• we.ikness of stomach. biliousli pn:11'1,1"""" es, and their attendant symptoms.spias 4 '4ll i s are fid oily recottourntled-11 ri. , 4.. i ill, e .ut,'""01),1., n' the safest and most certain remedies that has:it -jr., distilfor the vari 4444 s ii utquiv acm •tions whichn'''.rt:::.l4ll w""'""""'""""t1 state of the digestive organs. mild.414140 '., iti their. operation they cleanse and yet""ttit,' li, „l,”""ntach, and correct a costive' habit by",0.4455,20,6,[1845],1845,1845,1845,27,27,27,27
479,1819,2647,"that it 11/1, pestible f .r. the de.4 were.*, sheof bis..d ski b new vibrated tamales the lasolos•cold have;ale . im .ollis —(lollara..) ile (haaked shoos wend, farresyliatent hey 11.. d plat hiss.mr. %te now ""sepprd inroad sad wo ef aaddtased me meet-apsrote a at. m -alias in hi.. afpaammy im hie..i..ns la/ ti..l. .i..i. that floo.init dm molar gulag, a,111.eleue wu. at :the ed. a gesii.sl icorlisa,oris til bear himinn 14/01. air earis,4 rooolderable looglser by 'wee pe•1it.., tai his cr,tit,.. ~,t1 61811 woe la her proeseelatiem,in lo ..ell ow iletive• hi' •rnliaike la. he appeared fords t.., 4.....ra",0.4491,29,28,[1819],1819,1819,1819,0,0,0,0
480,1810,2194,"toin the annexed *tariff, whether ihillorted n it')ltcernes, cr proceed.. plizei,-confiscottosuor•ixity.'„3oo;fratick. per 10'11611;or:oa, e•-:000 arica';,7l3rai,tt' :',•••11/`11:131,;aid demerara cottoti;.beofraci; bee% ezt::-6:c•- _tariti hasbeen itlirofloced in the. .0,,1,'.:(2clok:tit,u.gl),. by.an .edict. or alia p..gili4l)4)°l;llof 'the tith of -this tnonth. /... i'v '7 .10vithiee, prejl.,c al • 10.66 1061'-.2 1.0tlticliwisili;ted out iu p* (!-f . lie °':ontinues to.,l•.eriornloliozz74,alld is k.ousiantly 14 pew 511c9i1,11 .lat. war. •1_•• or""ss hauunoti; ocr.,!lon ye,terd.,4 stfven d, so..pounced ii.enrrival of inv !toy.)mince of -sweden. within our r. rj i, 'highness agh ed-at tueno,•ge 61,:ntp at;""'and ot ;hethis town. tip.: liront:v nh t-•. - •lain count two f.4nthat 4 *oll6.",0.4613,45,31,[1813],1815,1815,1815,3,5,5,5
481,1815,2194,"extraordinary at-tempt, in order that i may be enabled, by the assistance ofmy friends, to ettricate n yself froni the peouniafy ditlicultiesunder. which i am labouring; i therefore hope, that afterwhat i have alefady, sufferr.d, the magislrates will extendt'lteir indulgence to me,and allow nie to finish' on this spot. ifeel the firmest confidence in being able to complete the under-taling, and i particularly request that persons will desistfront ttii*iling apt) use, iur it is as nbee-lsary that i shouldhave air as well as fond.""this addresi feceived itith acclamationsfrom the surrounding spectators, and wllsortstarted can his journey much aniinated by theirflaiterink",0.4355,52,7,[1801],1802,1802,1817,14,13,13,2
482,1813,2647,"tiller.be nei~~,::"" -11""11""irl•. '-*.....~...1. ''''''ll‘l4l""llll.4ll4""llweigi""niiitai*--ien,rot'er...6...is.schlovan entlearr,34.lotholide3/41141.., 4.11,0...1irrtr:bectoi ththeeml,- • • - -, ..• ,.r. ,~i . at : ., •• ' . , •- - ••riti.nsarviteleithr w. --,,1- - . • -7; ~ ~ •~._... n....n..„......7..... _......._ .. -- • ••••• -• .-• . -...* 04,14a:titsiases.upparti ,ilecsites .• • • • • •• ' .-'.01.44ltia... ..' , bra,;3.• .hludebtjtiallatalo4l""44lso p 41,14! : - -: • ' i . •; . 1 li:..;preri 1 • ly,--11 in..i : not thi tim 2"".ttittfidwitifiiititility of the to74.4 t itinan the- ii gra, . • , . ,„,. . *--7- ''- ' '..•40044111rimr• •",0.4437,53,37,[1814],1814,1814,1813,1,1,1,0
483,1828,2646,"esq. vile wee. wm. winthrop0 uteri miteisell, esq. i goo. games cliolmongeley, epq.charles walker. 149. .iplut,ltickserd 411rer...esq•colin mackenzie, esq. mr. nicholli, solicitor.. .'i he accounts of receipt and disbursement fur the yea{ eudingslat march, having been laid upon the table, duly certified by tins;auditors, the secretary reported that the number of debtors!hiss:barged cud relieved frusta the undermentioned. mmus *mop ..iii:. ns& year. trete 1,311,.pf, whom 0413 1101. wimp png,./"":'l'isilarrn, the average aims!. qf whom, lihnatioo„,(ipel sterryincidental expertse whatever, atteriditi tfe chatityy, was""919% 41d. for rich debtor discharged and•reffevei. 1arpletiy i dreesswieh 4 nottingham- #,a•le•halry 4 .olosseestea a nosthwaspelo 5beassostris 1",0.4392,21,54,[1819],1819,1819,1818,9,9,9,10
484,1806,2646,"st. rot',ard, london, proprietors of dr. jame,able preparitians, lantils the public, that in: new stamp duties, the price of that kir hisire as. pd. per packet, or al. ss. 6d. rtr doan;jty of a doscn ,pacitem in a bottle (as matietad nary) may be had for al. at. and as :41111119'4, order of the comotirßoners, for kdolikvspoif.,ink, id whlch the words, .1 f. newholtengraved, and as his ottumwa' that ibis wunity again it countaftita, his &gnaw, oft ditsi.o.ode will be =commathe following are the prices of their modiriars• to theilletwenty of whist mr. ilawbery's stamps are murk but *tieprelate fiti",0.4516,49,10,[1803],1803,1812,1806,3,3,6,0
485,1813,2647,",,,,,04.4,,,,...,,, a•.,.0.3.- -... .h. 4 had ' • ' 044 stcommittee, who give their joh., playas tin each • case, . the i 144,.--qp,,teehood s .i; •1 y,•,6llamelst. 'great dorm-. i, occo• ; wire okos . ittirkliellyidg. 4 -..e, .. i , a', . oats, ~, ,a 6 . .6. yanurt... .• , . !111',nominees of ibis plan to coonfry patients -alp. is.""c•dralaisle. us i *mei okafeiww,raca, 'aid • es••kepabarsinseroas ; saeaer ; ,_„,_-.- -t"" cir -..., it„, ''' .- ' ' •am * petite"" lilt "" '''' ' . : m., • 0----1 .. -, '*. ' : 4l,per,nal",0.2669,43,19,[1813],1814,1860,1814,0,1,47,1
486,1825,2194,"~ .±.1.74 'a i r,-, ) r i;l•4s.'gt. :k' t 71"": t'''.°7 ''? \° 'i% -4erb_.47p' "" . n.;,(;•'.i: --.1,.ki,4-,,,:•-:. .e..,.‘s`n ,7 iii*,4 1# 0;lls- `.-s' t ,0 ~'11.,,15,....,.. nj,- olt0ita4:‘- 4",0.4812,20,36,[1845],1853,1845,1855,20,28,20,30
487,1808,2194,"tgainst the owners.ol the, i'oto- 4 conlnlisstutters of the. 'revenue, who, ..under,that.tuite4; she intwitig.sal;ed'‘vithoot con'yoy: i demise, becaine tenants • in. trust for, the crowtt,.alter ali.. bell, andlnlr,. kik:ald had' (ollowed on wil 4;1) jeas.e 'y,ia§-nfierwar(li renewed, from time tothe satin; side, .. ...mr. 1.1.1.1t.t., for the i)efendant,,argned, that the nature with the. comm lte issionersol-i revenue, inreport of the niaster • was perreftly correct.. the o.se. ye:.lr 17,4• z, the last lease which , the llnliehild;nlits.tter, after a .c:irefnl examination of the-evidette, matte enpireu; the. then.possessur—hccame entitled: aceuttlingly;-• in that,to'detniie it a: he thought fit acid after inking the'",0.4829,4,18,[1801],1810,1801,1807,7,2,7,1
488,1802,2194,"egic.•s &et+ rpa i . •„, %i...ia'st.lck.sourly st.:: stbd: . . ,blicheti.: ilia-, ts.. s: par~.hantlabwaitto prep,i,'l3(i-liote suer 13ills dis,,.i)ltirtiont 7k0a•...i impel.. 311cr•ctut.j ditto aith..: .&inkto-i' oppiufie111dia lot ace.coos, tor o.gpty't 7dft-ink-stock shutnvy y p'er teut. shuti.,er tent. [MASK], shut••.r.sh s per ceut..,-.l.er cent. con. -shut;.per ceat. kted.•shotpefcelit . con.: 693'tank l. ann. shut)tho,. short ann..'2,).;tr,, . -. . ---..--'a.d.i.m.s's solvent:tbr the stone and gitavel.' a `'the provedfo'le•the litot.. t.l.. t.;3.....tteekuat .i.terneiirttnovt n.fgrlin .1; ravel utcl stone, • am!i - for preenting theadreadtitt operation ‘vitit it,: knife, it-is1 detervingnotice' -that persons accustrotned tt sit nint..4l intheir ""tthiy, in cots ofi(us.tics„:",0.3379,50,35,[1814],1805,1805,1807,12,3,3,5
489,1823,2646,"30.144 gents. .late 17t '' ' ••aff4rlfrivzr- ' ual!. gent e ct i; •• • ' • .i • wv!""_a,.t.""' • .tllitatzga;#l46itier ginlitir atuti.elik *oda ge . . ' ; by -• ia.1,..a""""'"" '11.40 0 eft! q_c_trii vd tt‘c ithiii-otfil_-liemeraaf glint; -utkoirikes; diiiirieginemitasmautsros(444;44oi..?issatiiiiittotriaiw,ifilltrei ditift viitnifkliattomitsr •••1‘,""1 ..sclitieat*' 1 -ai capiselaittib,didabip.4/44.4*. r„s..l4l•4lvoiaajwoo 4.-4111,47i5,400reqiia*~,. 6., c -goviin .a„ab, e k.: ilf rt, 1112.76 ' •' . , ii,0 1 ..*lti ' . . al ri 16i/41t4t -totmsa • 3v• ' c;"" ibi a ft: . fthulk""' -,36,5-- 4-• at:!rieartzitattlii• simpod ,rveskiati miewlipiliiiriz7kvilkjislltif.itiaigdai,rrfor, , farin4ouse &i'd., • • . .-:' 2 ..: %•",0.3131,33,55,[1814],1814,1814,1813,9,9,9,10
490,1822,2647,"""gd lipka l. who is a handsaw use of shout so, bad tnin=one's;rui assbe whom, kw tit; a '..s•sodhalt geried it. ~ mr. ^rim, tabs 'boa 60"" °°' for rake awe prat ridged her ladyship la •114 shone- jaime usisammussein trams ill the hdaigrd $o. dr9a• ""41•• fil'ill•sib'• • 50a1,114 !8?-. ;ow' ""mrl 4. • - deal/keg to• a. it is a howeasake drat akw• coo paposii rim that ales, ""sant' loas° * she eft of an admirer. mir ladyship, bewerar. was the is eastlesdimat.-- in4altpwas as little. bea • r-- r-.• •••.•. - - • ' , whir• •",0.2898,22,43,[1856],1856,1858,1859,34,34,36,37
491,1822,2647,"• ~ . , , ,-n- ,• to the aerial* peplos which heed 'arrived, to the7th iest.. is is eseseesilairt the ceitsbided veribib,aryptiao, sad algrelerstiest.-aviliele was lately amensill tete, end saihislethitlfiletios et pima. to the'member of 78 uil, bail so temps se. hoard. theperlis ire steered bitterly altering talked hawk thethercliests et jassy, ad this haring set fire •to doetow"" in order ""splendor is is siii• costelieo. his lessthee 4.700 hum lieu hen eturseime.l. and the di-eter sod rein sestaiseel best be terrlflcis its (retelltheme& of chrietiesti of all natives are utterly eta.40. ' • , ••- , e n.;.,",0.3699,27,35,[1819],1819,1852,1819,3,3,30,3
492,1803,2194,"that has yetappeared.his 14.0)40 ilighness the duke of york's band will attendin the gardens.„.li‘kets seven shillings each, to he had of mr. randks,n'• 51, lermytt-street, st. jarness' ; clementi and co 'sitlus!c- warehouse cheapside; mr. birchalps, bond-street;i(elli's musical warehouse,and at messrs, i%lonzatd andeinfaelore's,• .. for new-york.1:17 he atnerican ship new-yorkpacket, david webb ""%laver,- will be ready-t9r sea on the ;th of next month; ha,s elegant accointnoda-!pas for cabin passengers, and als:, good aeconunalations• utlani tor steerage passengers. • please to apply to master onor to""ne27, [so;. - peter -maze, bristol.i. .cheapiitemanufactory iu lpfulollpit a ss. int be iist i:a ds,",0.4887,30,46,[1808],1808,1808,1835,5,5,5,32
493,1825,2646,"paper) tells us itills*. doss fell from awe es limn. at:windage&noon the model which his late father eeugned; and thi sky in the midst of a procession at the town of • onommoleime , .the medals which are to be exhibited, have uponune dartnecadt. the. protessionists.-1 -suppodag the cats-side the bead of the able designer.disturibanci at inksi3iiiiiiiiii 11100411 •• . - would rily 4410""n""disponed• erylar--11 erireau *beet twoltawdiell koweeyesso earpereare west pier* is athe application for, tickets exceeds all precedent. it was arsvaills found-that the. unhappy dons had will to dackb.l_llo thstr wastsia ""rhe,t. illilasebissedtall willia. two , ~_ ,",0.4852,32,17,[1814],1814,1819,1823,11,11,6,2
494,1818,2647,"-)la re -a-ihr has proedlywould soon and ids voice in defence of thdlt tight/ , • - - .i,1340c110114. : , ;- ; , ned•l have little tiorabehrin yost *lll deale it. i have that.att- meek_ *tad cure at venereal comphimr, 'nervous . d•jbiliti . dist ingnishett oh the poll, but he rest stiff beg theft ': is •• tier mat °beating sae eerff;„&ll.wegeent4 ever lobe, waimea*, jeker-fitithlatsitiiibligneboronitt: . viliptaer-seteehli"" and ate"" uf the tlreett:* s""tclurel of40t to retell bet. es* all dietc oftertiern to keep hill• • • • •'' . 0 041t0 110)616, _-_ •, _ • the",0.3136,1,27,[1813],1814,1819,1814,5,4,1,4
495,1813,2647,"spirits, end ul nervu' diem dere. ' *dr. s .1111710 q's coedial balm of gilead is happily yokel/tiedfor the weak, the sickly. nud infirm. in nil inward lieca)s,l)wiless of spirits, weakness in either sex, whetherhere.litary, acquired, or owing to :youthful imprudent*, thisboxiticiue.% ill afford the most wonderf.il relief., anti-impetigenes; or, solomon's drops. is a medi-cine superior to every other remedy yet dl4.,yered le tb6wtany other ege,.for the speedy removal and radical cure of theseurvy..leprosy.ltheematic or gouty pains, scrofula or kiszt'sevil, ulcens of every dekeslpt4on, swelled or inflamed.legs,dm. in disorderswhecectalivatlon has repeatedly failed, whenan wher remedy could restore the unhappy sufferer",0.4568,41,41,[1818],1812,1812,1813,5,1,1,0
496,1818,2194,"vv`b all lioisihle baste,lis ' pcishwa baying as--1""1""1 a large army,which 0 r-atene,l taattack the british.,-aotunnieni.:t i.arrived :al ahruednuggnr on the stb,. and immeditelylt possession of 'the pettall (i), which had been cede 4 by?late treaty, but, not given up to the hon.-company.plies.to, henee i took up me battering train,' at,i, large sup--1:""' groin and stores, boat for inv own troops and those at3-°t'a. on tumy aralr between alioiedriuggur seyuor, i11'1e 4111 c acquainted through the reports of the :country withi.actual state of hostilities at poona. it appeared that, hiscress the peishwa had ditg-cted very desperate and1411444 attack by all",0.3931,30,42,[1813],1813,1813,1813,5,5,5,5
497,1813,2647,"pkiwiti ; the kt.is.iaits comm4fliredillq ftii(tructkuit of it ; gle frenai fuqe saga... waitrfts*oiles; the redoubts near the tillage .pll'ollo4l0%0%4 league film.dreqied, on the irwer elbetrighi• hank); ifie. ititienchments near wlaessen andltelcie-cirlyett eltablished near that tow ii ; ,the !et-, tififiiiptis,trwin the:f.ll3e, from ii:ottlittitiito' to neu--4tfl-94"")"" (i)atweott koenigstein and ikirisa); the twit'ileittel ofdpnits ' to the 'right and left .4 ,tfre grind '1403ae toridge of,l)resfliii; ialleitusiint thty 4re prio-eippl4, id.1..? i, frve,4e!..iiiif of crirriige. it apptigliiii arr iie 4iiiiik. arkplificti'~_tivpl:9y,lhauffivs aslgh• eptofructioo 9 . the stofie kiligo:0 the ilaripicipafrib-ntßiaogarituißbi(oityl' ihd:bur surplief ofclirn areiimiiirf .ff, stf.thi"" sinier,nd even heyond it. 'lfora..a",0.3858,2,18,[1801],1811,1805,1805,12,2,8,8
498,1814,2194,"tile police.. •ivi'n.;t6n4iiousf..—a case of considertble-ortanee to 111 ki'acts 11card is ofthe lord mo avg. mr. punt, hwol7painrcr:on;st, th gr rnstan's east,: eat tower-street, sun' 0ed rrjourneynian,hamed-w. satnid.,yrs,liordsliip, for having lett his employ witl'(""..t.*,le•ing him notice._lt appeared', the man,ru of others, was employed by, hiin (b'lroyat alercerg' hail, which place he.left 013.5'',"" ;evening, the pth instant, some time before c"",""gniar hour came for leaving off work, on'following week' engaged himself to anotlicl:tcr. 'lshe loin yo :t sentenced the plan t`month's imprisonment, bitt which onishine!ttehthe requat of mr. mint, his lordship rc‘l'ltli,eat the saute tithe informing the man it ivi'ia;y,,lo:indulgence of",0.4077,41,25,[1813],1811,1811,1811,1,3,3,3
499,1813,2647,"aid extreyesest p '.; --doegi..- - •• gigift 6; %moo crifeheaoiseds p-• i•• ••-• •,r • °•', . ••voj.• , . • -ri: 7 '7' . ,•• •`... • , leookil s witi0t5,..10•a4.1,114 attire 01121111a1.401040p4446.[MASK]/tlf.vice oreser, appeiatell's* the ist • .•i, - 6.••••. i or,- rip, •,., ••, at 4;,41 bitweet , vim olfros o .illairderek:fanileelil:onstaalliklit tieseemed atilld dttto.•••• v 4. - • ov.v,vte be captains of coippaniesopiti fidot •- : , ..*-...• me_'' . ' ir die alhigliett ellitthatiallo4/9"" •t illealhhhar4lll4•ll4o/1m#11011ret; *whilartfl fotl. km*, erin doe a.v. print, igininri"" irrazzl•ttbe _.., .., ... ..4:„., ...,..1.[MASK].,„ ~„.. . y...-r--- ..._.",0.3974,53,6,[1814],1814,1814,1813,1,1,1,0
500,1814,2647,"on bebal of their couatri,eand.asituleir councils, be equallys essful in war.the company. : 27, at the white horse inn, preston. attornie-, mr. blake. prosperous i::rfehr1 e, illiwsi4hy ballets te•hinmeefor his diatik ' •. the malls of the pork will be ilimminated• with lock; 519:044""?' inn, fleet-street; and idea""' blanthard and services in india. '. .. bickentalf, preston.chioese lanterns, ornamented with pictoresque••anti ,s, alughis, kingoilreet, wapping, victualler, hey 23, 30, lord tellfhimwth•grotesque. devices,/ and • every tree will have varie. aug. 27, at guitilitil. attornies, messrs. whitings, -great iti""irurileiaenarlow.n.getedlighis intermingled with its foliage. bands of jarstrztj jtdn'er:;:,ll, sbadwemd„i, coopen, jely st",0.4531,38,53,[1814],1814,1813,1814,0,0,1,0
501,1823,2194,"13 honrs only,and driven through with two oman:leo, fast das coach.%ening at a quarter, before 7 o'ciock, thrones born,market street, dunstable, rrict bill, fenny stratford,re sienere attittford. towcetter, weedon, deventer. dim:burets. oi.ititloo4l,*nd stone bridge, to the castif hotel and st. tieocge'sem, high-street, birmingham, to skiff's:ol, wellinefthr;,igenorth, sheltqn, shrewsbury, salop, °twenty, natlt•701!!!!. tarporlee; bangor, chester, and holybead.-lln eon.spotilt""l'utl4e of this depisted preference given to the tally;;ido""`t the proprietor,are determined no expense elvishheblared to 'tender it the first conveyance on the /3irvainghtimacad.the ii sovereign,"" new light fast coach to•palniouth,nest 117111011th, exeter, truro, bollinin, penryn, ashburton, tot.dartmouth, weymouth, dnrebester, and salianitry,every horning at",0.4068,31,41,[1815],1823,1823,1823,8,0,0,0
502,1805,2194,"cruize oil' the texel.in the downs—the,st, alban's, utrecht, hlajestic,,sbt.tubethqueux, adamant, antelope/ ltaebe, intmortalite, ariadne, orestes, adamant,,u.go, zophyr, lucifor, prospcio, piscoltrilpevastatton, vcsuviusdirttizer, gallant, ottett„.„,gross, acute, thrasher, itigetrtart, phoipherus ind 411.-1313rtsmqvyli, 12.,-.-""are)vo4, his 0/jtship thisbe, capt, si4ei'4eiii), from $ ctiti*si(warrington, cilavgahr., from plymouth, •sailed the. camcl, cgx, fqr i)°ler ninottipassed by. the char ktt 5g40904.10444for the powns,a odaottxol,77lt# ;us* sailedf the gab.—packet, captain patiz6(2l.;, with 4 nisi 114 °'szeeward islands. •distribution 'op prize monleis ey, ~companyto the captain, officers, and ofship. lott 4, for the capture of ls illonde efen6llloloo,teer, the i7th august, [MASK], on board, in biot,(h i riday nekt ;ut",0.452,42,42,[1807],1805,1805,1813,2,0,0,8
503,1815,2194,"iiiils. , fohibuiear 1 \c'r :\ ';counttt,' iyo tott?si1, tiltie..ll.kl. toteitu3 iires_v ei.l r„ t. long and notice of sulissriptions •,..ofsiticil„,l .iz' ot addressed to the committee at the tar'ysub:, ""tert'.cii • (liptio, .of ynt-lver, is are r28th414 i444,t) eaeletitsiejtaatnkl.eltosycol'ist-,tia,tmtehter•to he ~„ dollse'rstmtli. ocytdis'.liract'11,,iier t(')fruld y private co. 1 utsh_iii,:191),with. ~ether r' in i„ots, the manor of~.,..,_.,or4ekilettlars ailr several eoates cotnprised th. erein:.t' _h-„....,_ . . yto 111 r, tyndale, solicitor, ltutolii s-inn-itaiti.r;trt i \neel evpp ne day,i, , . .."",„,,,,_,n0wn._:....,,,,,.i•,aw.,. drkikvill(n)lrlotving- grand prizes niust be...ic,,wsox'ruesday, august i' viz.r. •l-30,,000, 'unvit of ./..1,00, &e• ''''c',11'„ ,up1,,, „,, ria/it,,, _ alid",0.3831,3,41,[1814],1813,1813,1813,1,2,2,2
504,1813,2647,"merchnor, cambridge brown. agency-dike, igo-gilliam.suir street, comet bury moodu i'ility and' ellgancb cw6iii3ined.h. kellutte. cl•eloisford w. h. andrews, roystonunder the illistarieris patronage of their it ,yitl 11%1,11e-two the turner, coventry pop... prinrr's-si„ hnotfordprincess of wales and mire of sussex. isis f. xrel.enry the watkins. cirtecetaer fr awls. post-fate, itorhes;et""npaii!sh ambassador, and many families of high !listing- ()shorn, chipping•ongar isenrey, sitlislivirytom.- pinner, dartford mason, stump-ollice. s!. al..anacassar oil for tist hair.— langley, bookseller, dorking hails • .itil 'phi. (hi it p,..,.imiv rre ~,,, ineinied nn thr no,~ir mot lemon, t)swilltarn market cdaut, printer, seven oaksnet evperietter. at,,i the h,,,„, re. ,",0.4344,20,34,[1815],1812,1812,1818,2,1,1,5
505,1809,2646,"puhltshetl;- • • *oz:itameatecl with an elegant engraving, from adesign by a. buck,,esi. price ns. in esmt ho4rds, •love and madness ; a story too true. ina series! of letters between parties, whose names vrouldpertar) b. meetintted were they less known ont less lamented. ,"" this be not love, it madness ; and theil, it is pardonable.""• ' old bachelcir.ipswich; printed and sold by 1. raw ; sold also by longthan,iliurst.rees, and chute, paternoster-row, london ; and all book-- in 'rosin ana country.. ' •kaki"""" • willich's lectures*foorthibis day werec 4published in tivci. lire a tbedition,•price 9e. beards,lectures on diet.amiitegiiien",0.4913,15,16,[1807],1810,1810,1810,2,1,1,1
506,1817,2194,"articles required played in them more than four or five hours in flic day. 41.11~ronftattlieonv,siirtt;'lliisehruebl!';';in making up clothing. for the inmatesabcylcr. ofi itsl.te houses around thekhitthelin:e,cli,nnaitct,f4esn..rd,iwngmlsi:ezilo:lioalrin3,ita,t,irtiles ;and,whoil.pro:u.rhron one side, are 'buildings for instructed; in superintending some pans of the educatku or1g purpose?, the slaughter- the children in the schools.iarated from the establishment. 1 it is uropos'ed that the eider children should he trained tr.>assist ure g and in atinf act nrilig. for a portion-of the dav„„&c.; tiecording to their strength; and that the men should hefrom the squares are sonic of ployed, all of them, in ngriculture. at also in",0.4923,6,43,[1813],1811,1842,1842,4,6,25,25
507,1819,2647,"prepared to imes. gs* payments ;re we**, w. row **so low bet, impposed, it seems, ow mee as last frinsy. weekthat 111""1"", 11;' ""id 61647 'shire w.. s°44',o7""'""‘ that a esimmaskatio• vat made to them from the• dlinneber er no objeste. was so bribe the ease es is o ... n._. • . • a gafflsoma ustecton, mating, me renorptior of repalone, amt oda lame. ile relied the xesselekia .pl• .•el rush pones,. so lobe plats as imequerreseible, wiii,si ike allreitibk at tbfg period, it,d ionprokibleoil ‘,21 my jar ,ise *fib the rabin illat the latter sees least of she",0.4865,26,39,[1856],1819,1819,1819,37,0,0,0
508,1801,2194,"~..„.„ti..)t,..i il):::1', ir. '., r,:lf,-iri.;'. rt51',......i. -ttli,:--i t'.. !-''t ',l-wl-'., 1,1: 1,, - 1h''..irt,al 1“./' il li.l'i i't."" ;it 6 .', :7,' ..- t' i',- t.,••..,;,, •t ,t4e;.\1t.1,. 4""1 c;; ii. '-, -..:','i:t ~....'.:'i,,.. '..,,;.:,. 11:, ti , '.' -i't' --t14'31-1, ~.21,' 1,...4 •'ol' t-"",., i “.''' ""1. :t' , t-' --. 7!-;. t.,, '.. •!..;c,0111‘i.""1.1.:,:ti :,..1. i);(`,"" ':,-v::.'i'... .; i.lit. c. 1..,,,,. i'vt!'.l ...,,,,,,,,,'..,,\,i'.!..i:'""i 111'. 111?,"" 11 17,1,....:!; '. ':' 11.i5,..-4'. :''..l.lilcrt'',',ttl..,o'':i';':'!ll4lll.-1..1!:.)f.t,,...,..-.„ 2+t.cril:4l:-. , tcl ft, iti....,l1,...;i:ly,tr,it i'•is -',:'.,:',,,lifil:ll:g:k) th,,'.14.1''',: (iil:',1;1., r‘lti;;c:4,l47, 441 ti,r,'.•l>'.:...':',io'„ ',411..5i of chi,:! 1'.ci1..,-'.:.)i, :1""r rci, ;:t!!1 ,z', t;.°-';li o't., ; .a;t t ri, itsill-clit.",0.2067,20,39,[1814],1813,1813,1855,13,12,12,54
509,1814,2647,"'kwto ells, bee water *ow"" . . : .• . , 1 ......,i ..i :'')rise ntielasiliam,•seia , glittogla sr!"" ott net heekete--to meet him ;,. and in, i isowe4ii,beiterpitiatifteetthaistaebalkion.11ho. abilli :.. , ,leeds.new light coach, e'••• sout every mending at ball pest . • omni; varlets . plait . -•.-• •ibe,cillie,ol.i,f 4;6 hoer, the , refl. *lip kro.kln gild i pita, ti i aka treat itetsoliocieok, escohsopp;,••..11.4"" ''''ly, ""d site rasirkald2-o°lo- with a (liana -10 driven froui the leicl, leering ;spore thin 400‘killed. 1 ....ii theliesi oas eisists; ti „. ,; . ~ i -..,,..---•„• out. -parses throogis stamford; nevitrir;",0.3739,21,28,[1813],1814,1814,1814,1,0,0,0
510,1819,2647,"soemib employment of• emalitiog was. that aby doe beak to oerforterers.the motion was th,sirai aftemards appoii',sib, mr. rinker,goer, lord binalair,wet, mr. ma►t davis,land lewis, mr. he.m►. tresayav, mr. icalera*, sir georg•lord clive, mr. moll~'~'t,.~- .• ea *toy denim andl..: t..""-. tat sr reale at 'fight i:4ritaid•fesitea y i.• e7: i i'f;• ale. 4 *tioo‘otie oferrooolti yore bro.gr seel arise-was to btr:rly raestethrlth ritber otierreations•' tier lite best plan for' ht the stoics if hitwilly on eettrardr.umw 'hi should by! ay lielitte% silt ea 1. - *bete* to sate ese16•—ither. hei;titslie.vce ot14 ub lit lii. itir -mepg. ll lipr‘ . were",0.3873,46,31,[1819],1819,1819,1822,0,0,0,3
511,1813,2194,"to 'justify'them 00.0""""-him to be released from confinement,dr' itfrom the natural curiosity excited. on ....',casioti, we deeined it our duty to re(inc,',ci.tlenian, on whose intelligence 011.1 iv° :could rely, to attend the meeting, for thr,ll,'.of furnishing an account to the publir, 11/'!'...,went to us is, that "" the man give sucilk;;l'lcount of this niysteriotts atiktir. 'ni '.'/;,,the commissioners, and lie obtained 0.00charge."" we are persuaded that tills;:it,;must have .been fully warranted ili m u rou;of probability and reason : but %ye ciono itjexpiessing our :extreme surprise tout 110the questions were put to the baiiiiraigulo,iof the commissioners in a whisper,. 91111",0.4956,7,56,[1813],1812,1813,1817,0,1,0,4
512,1813,2194,"aliiruise off the ‘vesternislandsc-arid a russian 74 .andr,rnssiim frigate forthe .downs. his majesty's ship alphea takesconvoy for.coternsey and jersey.—wctit out ofharbour the. venerable, .74, capt.. almsinto harbour, the wanderer, tweed, and tagus;to be refitted. -jucy -14.—arrived this morninghis majesty's ship ville de paris; of 110 guns,from the chkonel fleet, ' •july 15.—saiicd the king georgepacket for heligoland.whyn.outh, july 14.—put into our roads' hismajesty's ships illb;on and primrose, with a largefleet under con ‘roy, for british america.july above ships ate nqw getting ,under- weigh with their cotivoys, with a tineinteite at north.deal, july' 15.---7 sailed the russian ship ofwar orel on",0.4719,46,35,[1807],1807,1806,1806,6,6,7,7
513,1814,2647,"this country had been- consulted : termintittevt'oc the rel.:. i:ltit thislang orai,'wbleti -11bitlo.n,:;th4 atisialij oml °ma, ilyijeski/te govenrf'''the4khpd-pewi4ps',en .tlatiallsee.haode and fettea ot :ihomsurable, as it had been concluded at the end . of „lutdieefed siwarde.of i'wen4. .eatijit, ibis crinntty.harl i meet, which :ditelalined diet 'peratioiotia.,principie7ef,s4l6lgtii4p, tqiithitti4dnitililo'beivtaid ifta.l.:itu.""a ssitetissfal war.-, with this impression of the rdiseliymke ttrtimere. and jelagiutoinilfy: which'. wilerteptioii:froin iii,(ol,4heriffiestsowiia. bad reaulteal.,-on so be afterwards assembled forabs*tur,s:aii4..':', strairty, it might -be sufficient barely to move the .:worfliito bi`j;'reserviailattill, primer*, ' a4tt witiellf .el rearept,;‘, 1k,,/r/4"",,lthat',..o.o%fli!.'lif, part' ti fit.c t !t. is heedless . for me to, sty,l'slitite ifiton veiniest:lr",0.4982,20,45,[1814],1813,1813,1813,0,1,1,1
514,1818,2194,"inattentive to their intereo!)il'et4(l3 at' 411 the. relations of life may be (""tutu-t(l‘t 1144 1 4t?iple of ~blie aril private virtue.i„ 14. '144(1 th p. . .. .. its in that~r, ts..”(t 4.., :it several of lot, hien ,pnr.kili„ ""141 wit""l""3erlhed tor the intl pose of pic""rk:t"", a, ' an ekgant ,gniu cup, ~,,..f. 100n.'al worthl lestilitt;ity of their esteent for i,ts""!ri , iittol t-t; their i probation ot-euta.. rnitt.. di~ 14415. comfort',,''r,rite.-ttletits hay:. . been wefi'lled by mr.,ilt. le(1(kll ''4 ll', ""i'tees , i t;ll.ite against thefrei,i• 4 i** ir% . .9'""can""i ' for bribery ,i,illirt.llto toyt'l nison. of",0.4538,32,48,[1814],1813,1813,1811,4,5,5,7
515,1818,2647,"it""*.?aso% ! . ••. .. . . •' •••""4*• ~...r .. . ,140•4..""'d trvilso..• . . alt.*, - this, wig, from, ‘. .i•,„ . . • • et,' -.• . . . leaeratiou (or the father. i may, wi teliigible to the 'esqstilkiez .t;-- •'••. .. at,....;. •' . ' frsi;-*apoolt tie' see* a. rifyli , "" - - . -- asivia 074,h, ow:. . . ...., intruding a private het upon p 46..• i,' k oat with bire, atilieettl. ill .ftriseser lf ~•.. . • ... .• .''' ...• igillskot dillstis.o4;o4 a‘wlee --*' . - ""teaffiri-.- ""tro ""0)&4 mot,",0.4462,3,38,[1814],1814,1814,1814,4,4,4,4
516,1805,2194,"""4'3i 14 41 r;lll:4,tsal ;loci iva) laltrodiately be .1""0-i, ~, ,n,,,alte.r. i„t...,,, „rei...s.i,'.oltcp • , .illy the trustaes ,• ,ti neteby given, --- •tfti.ll)llo7,,tiie dted of atlignment for the benefit of,tlr .ihe co,, 1""1( r.f 'wa ltv.r ki nic,, late of jlamptoriott ,bivirri s'nty q ()mot:), innlipider, iriten4 to make a finalettclit of his estate, at 4. vir,,as, aim)ogst such of.htthe'tgr,ri,wltoalxelutid tilt said i)li:si, lt aivgit,rnfot sv.ictilln""fltit i.v::,!;ltrein spec'iticd: all & have 'alslreceiveil'a li vi c _lebrtta' vhllik).is in, the pound! on friday taf.15th d,iy.ofne_r!, at the talbot inn, in lianipt-in aforesaid.___ ~ 1,44), oxon - thomas hubanu.im• at ,3",0.3638,57,44,[1813],1811,1811,1805,8,6,6,0
517,1813,2194,"/,/,'!7/4/.././4vg-off/c4, oct, 4,[MASK].riiiie comivissionersfor victit.illing1., hi, 31441,,i71"",$ n,...1py do hereby glee -millet., thatfin tuesday, the 19th ia.ttaist they will be ready to reeelostenders in writing (stßletlisr), and trrat with such perransas undo lake to.farnish what tallow candles maybe ticmanttecifar the use of the pict szrtllist ,stares at deptfurd,for, one the 2.3 d ina:. to be paw for oy .111iis, lag. •able with interest, ninety days after dec. 1y'hc coot/nam of the contract may be seen at the seer*. ;tary'a' (4/ice.'ffn regard will be had, to any render the price "".sf;a:l not be invrrefld irr wursix agkos.m, ar that stvit noil.:.'irered",0.4804,10,51,[1814],1807,1805,1805,1,6,8,8
518,1810,2647,"w.' _folt-thett.after • what elk•-‘.. '. . f fold bt seemeary to.** -wa ofisnao thaw oat pelt-of the roo.' goottemott.}wit widullatils oild. ..-kopoo• sin aorsi.aityate :b. aofollibilia** !hot4 itavkitiispethem* 04*-104110111*.,freillit:rtitoltor-ro•irrtlso --- . • .' ioppientet4 abet ibir 110••'1 he • -aso* eny, mut dmealifill.the lot, tvse•*elneth. )lttowerseat; to .:itelip.,•eos lin .40 'mi. :*istiiment colad b. • •.ttfil tit- *iota. iefiotoll •• -athos of . the peesocat, ise -,piateek sdlimildw. at.a of eh,t pettibitiyi dive*.406000eftititi sioq • * oat-,- ohms*: ai a .tiof•ft ate.1110144foo44estieeeitsisrteeelterhotetiat !flabmelitimettp for, tleototikililiitemleeetholootoithiellitteh •... lioi_rtemienthihe 4. eidersuititeir. s•)tietkekle emettervioetibreezerp e.- --, lb digiseerpindihmtet '....0)* 1, obit havoiliiiiit",0.4142,12,24,[1814],1814,1814,1814,4,4,4,4
519,1815,2194,"(sd time),zra te,,,1 . mink romance, called-a new grand melo-dra. -li('iii - ' oft, the net-maker and his wlfe.__r.a14);""'i'""""a (the siiltan), mr. farley; . selim (the aga),,al\ide;i,4qt; meraa (the net-mater), mr. emeryt.aimlaak' het-maker it„,°thed to zelint) miss s booth ; ebra (the ne""the i .'als.'eve grand melo-dramatic romance of -every evening''');ni""(""bb' . s.-till f....nlalter and his wife, will be repeated, urtner notice.'1 0,, .-irrow, the tragedy of romeo and juliet.- - ---4• rt wesi""s picture,it:, re-istii-man,_t,ear ,tarlton''ed, is now exhibiting at nc0.111.2r.51 !'11,.1ica th ;p°""'t,'? i a „-i.e •-,iiicipinion of our saviour; whiche, with the addition 'of the or ;..ial",0.4535,3,47,[1844],1844,1844,1844,29,29,29,29
520,1816,2194,"his istiuse. „treteplate on saturday with buret ca“' •'at a general '4kleeting, held at. ocroran"" it:'•solio, oft. the i fitly of january, 1516.' .1-,ijoiordeccsorn ni: 0.- rtaitfeitt pliv‘icititi at l., 0,..sad formerly physician and imprettdi'l i"":1„dia,jessy's-ifieets and- hospitictla in 11, wlti ~existand north american stations, and of the '''""„olyitthssianyiget it, the med way, was- ilitatiitt't,ow.elected a fellow of the linttean stieicq ufdein: - ' ins of th°it was not till yesterday that the rema woo,late duchess aura l infant duke of st* a144m2: illrernorest, icons portman-square, for intaa,-- ri 'hantrorth. 4ti e wr--aoiinta, countess .of bucttiagnalt--11, ••;nabiehas so long been",0.4495,41,53,[1815],1814,1814,1818,1,2,2,2
521,1818,2194,"up), and treat for...21•v r""gis black smyrna raisins; to be answer-k,z:'. samples (of* not less than' two pounds weight each),ot 6e produced with the tendersst thousand five haut/red sacks of kiln-dried house-ei flour; to be suyeet to the usual irarranty of,title• loes nonths; and- . .2,thousattrl five hundred sachs of msket meal, ;at' . ' e delivered, in the space of one vo nth, into his jla-',payable,victualling stores atdeptford, and to be paidfor by.payable, without interest, •si.rty -days after date.e c .ft'', ol!tlittons of the contracts may be sent at the scare--211 e office. ,gel4 2;• egard will he had",0.3926,28,28,[1810],1813,1814,1808,8,5,4,10
522,1813,2647,"en enlargednempotiay would have fur., 416. yet 11.14)* tfrillemilwthge.""l4lll"""" awillilltild .... ""'it . * -** 11' 44'1‘...7 e 4-0 0 ..: •• • 3iisplaine4 to. mesa a halo amongst the brokers, ifter nished three times the her, of loyal yeomen in fit' ebteet:a.„poirlirkte;steriritaglaiodoowilttr..111..:2•_•,:tialiaide,.breem'eseoitiot . . ',.,-.4""6? ;iai.71; /rip.' - . tthe original sale was closed, defendant .bought of that vicinity. it was sworn that the murderers were huh, .,l,lngri mild affect:„o .., so i. ... _. . •i, .... - . .ilhstatifirtrod• foraeleveh shillings, and thee. went at large, glorying, probably,,in their crime-cep. ilma‘,lmawril 'wit /la w. wrote'-ttie chlesicoltwes •",0.3336,31,54,[1822],1820,1814,1814,9,7,1,1
523,1810,2647,"tam] 40s. each. • , • ';„ ,1,41.....00.. a'asense pa olege/xes, nt• hawhla ttereart,latts ; • •• ....4!tag, committed for an iserult on a servant in norton- '• saturday lven;eilti ""wll, ‘.trlele •°t-t --, •'• ou others, do iteroy,earie, '..recostinisoljtik,_.• . ' ,:: '' g4i-. street, with intent to connniia detestrthle-'offeisee. • young women crossing iliememerfroui isitklion,, ivithroldwealw,,, tbileyd abnis,.atitliput, etc_ -. •,,, ..•• hereby/hid:weis tube otto id*ts • tarttelitialaillett, drpill‘. !irifiktypltilitti vw *sated his dittrioeful „dondect fair to 'kenning ton 'colnitilbtf 4141i'see0pawirri*, .1.....6.a.....i......,110a. ng ,tilts, tamer! cm,a i-.. 4o' the oonirtiatiinestivrillibtini when, the -,lattet fellows,' • ()jested is ,",0.2862,41,56,[1813],1814,1814,1814,3,4,4,4
524,1813,2647,"joy with which we received our liberators may bearia years, during which period many theasnad permits of bath : fence which it afforded' to a mss aof • skill and resolu..' conceived, but cannot be described. after ,theseleave hove hero florid, eve,, lifter !teen mid injurious diellso4r. i!den liidticed marshal stedingk net to reject propo. -had been punned by ether prittilliatiers witho,t effect), itµlacea imajor-thou hi thus publicly otter their advice. . iefaie. general lillemand silted- with colonelmoon. byre and ce estleelvvrefssdae 'be rara a thial44,' milo— rnatierna, chief of the ikea lef the swedish'zglictitare:ihtlit artet,bstegut,',„l„,74l „7,:ere,i'llitl,r,aobe ' dim:, a",0.4772,52,34,[1813],1813,1813,1813,0,0,0,0
525,1814,2647,"mt mr15f. cltapsidr, nenr si. patti t• $ sod byrapoinarst, al jf (mktg, austell, and ca.'s, lin. imi, p4l-- it is proper to guard the•pahlir &goitre rarfasending thealter+ fabric ith the herr imperial c:.atun to hie shirring milshetiair, which ittoft.s,es i.e regulate perspiration, and no beararsothed. and as an antidote against the plague and othercontagious it isordets !! •scltopitetztrs cas es.•' young' lady, of .tiro age of 16, haling.been amicied with scrophuloa, ulcer:titans mut ettrentr.bad 'kakis. woo gilts.,"" tiv a impel c. !ii enm• m emiorot trfteti-tiunerk 11 lite lave at &pilssuiii""s patent anti,.rc()ff art ic nit.op4 she bas recovered",0.3287,9,54,[1801],1801,1806,1806,13,13,8,8
526,1813,2647,"be lefe his eg""inidel /4. le"""" be hile l''t•is • '.-st.. r•—: . h.... _.....,,.lan ...a 1-..---.2.i....3 1..""...,1l: ili_ ....r _-:_ _ i slid idaugh foi. list moues nu tenthvetta.....,...._!..e of the last it pre.d!eliti_whieb_has. proved , ,•. ; 1",0.4316,54,15,[1814],1814,1813,1813,1,1,0,0
527,1818,2647,"the pritastars,howeser..brake,lope* id.110 violence. finding allreran meta train robbing the plthe warehouse. who were tarnished. wso deem she depredators if they did 're. led belog disregarded.' th=sire mob i four or atf theire-arms. and wetcompel's,. the other meanie's'',the ittellstad the adjurent parts,reedy 0 the'disgrneefnl tratractiton. femme. aid foster, were disiriot sad apprehend the delinquent..it was io she wtinoot coabierteation,worship-street editors they *accentsdalian, fortnum.. and foster, at ''in and seised the prisonen, whobludgeons. and appeared most actsthem le custody to the °see.linre-street several persons badcompletely cut wc an officer o.plunket. was knocked dews sad ,iistilt sticks and bladeemts till theyhe now",0.465,38,41,[1819],1819,1819,1819,1,1,1,1
528,1814,2647,"havidwdiitt•the,on theirforbadin the'broken,,flee ori-'dumppo*title olecar- obitotthethemadecomma,theeubject'not tie.the glassthe irishj)0 ositfar keenireland1010 paidthete.t owlatlivogiti a""aka, wiveserved,condwcoin(which sirwilliaminto thebroughtspirit. li:any,bri nab 'govern**, niaimarir mr. fittg, .brought , *wiled~ . .th5h.""4""""614.411- opp„„,000,641--: . dui.posehissa‘ - . i- iiiii• ,ipir7..,__..-irsii,.rah*_ - the &else lew.. ___avdt !id' ipect , timber.s .itateretitelitiwiir tie • • witia was is • n olill 10 ills. mitts* of —r0411.11'4494 ordered to be read a !woad tide'f°rded.:""l'a::..m"" ''''' gatillbeett. —teadli— *iiiitiblied hi- commons.'9 •*-relhad •:01 t: orions ' were' to-morrow. -. • - •..,,,•ihiclii 4""1.'1.-.- —* '•'' ' to the osseis alipaq to. bt 4oripdg. 410 140011 61/ , t",0.3824,43,29,[1813],1813,1814,1814,1,1,0,0
529,1814,2646,", , _ . ,•.. am man"" viarikottomeenoleclan the ~w.:, '. . ). mr. ,~-. iittiatiiiiii. : , . t o•ytais i 'sie ft* one }'far ;and [wv ve &weir • min-eltnastes, or a secret arriress ten ,ion, ditto-iindan true' pillott 14) 42a 41.424.4 ....___ . ..,dap punted by the youth trboth sengs,..ln die en,, tip, erredecesied;l. c. -ladbietrent. toie k,. - 4mmomissumk . - ...! • ~. :...4 s lend*: rtionthrt twel* *we- sententectto.bet..or ba.anutess, and ih %he other of:mama troui/ritetu•' • pi lt. '' . ` • • t ; - • 0 ila yir_itirta tioirii; ...i.,ga; toned",0.2317,38,28,[1814],1813,1813,1813,0,1,1,1
530,1803,2194,"- theatre-royal, drury-lane. ' =to. moriow evening, nov. 25, [MASK],•e fill be pertormeq, .• hearts of oar.the 'clitirathis by, . mr. dowton, irlr. •popemr. bannister-, jun. mr-: de camp, ' 'mr. holland, mr: it?iinstone, mr. cooioe.' •rmr. collins.' -mrs.'powell,.;mrs. h. johnstonmrs. har lowe, mrs. sparks. ,-- ' • theprologde to be -spoken by mr: 1)f. camp', . '. -`. and the epilogue by mrs. anse lb._ ~.• •• . . ..at the end 'of the cemedy, a niorrice dance, invthich, will be introdhced a -pas seim, by masterbyrne, and the favourite hornpipe trout the ballet colthecursair, the corsair, by miss",0.4622,54,55,[1814],1812,1812,1806,11,9,9,3
531,1827,2646,"will relax -the elastic more—but mere especially does 5.premature intatuation youth' ton fremsenttionolomalue themural dignity into state ot inanition, from when.' the agoaindlwiener more do:doubts the chance c naliel t. wi suchra. d °wolves, offering hope, energy, muscularuy; nor will our advances appear questionable sane!ivy are by the multiplied proofs of go years' succeed*_the easy ewes of married life are sometimes',maim of tissue blessings which enneentratf. duifor dii• finial! habit martell difisildedsnaly aali=• .yet hitt""gth!lirds and.dr[mient energy baspenmod bath finicdmudin- ' • intruders. as well as in every rdersdnowe pledge ear ability to curesolicitous to expel the trfadingsaaip witty to",0.4534,9,4,[1818],1814,1818,1814,9,13,9,13
532,1813,2647,"van dogendorp. to merseburg this raorning.l.oo7, . 3-111!!!)mggi two mar. u. wianguion. "" the emperor ot.aolita itaalterheatliaiitarc vogjli.w.l-* wit dna..atflpfopa time. witht. c. we jonge. , z...toaat eisenberg, from eocethey loiremovedat leyden a provisional government wet- sp. wh, •be rencwe •11.10 i;pointed, consisting of baron van bocrset.tals j,zeizmorrow.t to jens. .the „erephror et, a offaia r. at • .diethe kinn ot pfaussiairrewae. letiadew 411 it '* • ke*.the • prices of.pnibilbilit ofef till 's4cissaryl'ott bosom., and w. van klurr. at rottatdam to-ber'lin.„ - . • . 4teiesitliatteittatebeesio : several eltelisind casks et',the patriots nominated messrs. von ltoorisooaraadl liiao's hearn, dvit.sx.44la",0.4905,45,51,[1813],1814,1814,1814,0,1,1,1
533,1813,2647,"graham, jan. ""carlisle, eutturi-spielneriv:- .- • - • -• (00y.) •, .. rani --emp...- .• .‘____,"" a 1ii*did('l',gesind"".26,ll.}l;bll4b:l3hsitler%thphileisreaant d""van""9:l:lll7t4 ""b:etz.:bisagietetiiiretbi:e4elld,iicito4:tia:• - .minute of 'fir -caissnet,4o 15, wit. sit spifickiiy aid. ihat willi ado. kod . twee.„,„,,,,y and a heit 5,000 pers. one, it wks cornp ttted;cis of papers, be mold am have takes 1110' pug aembted at the torpike:gate, and the folloiring-oro. ' ea.iv bliiiiilli'oeetett; silloelmj *. um* i.fi'r a =*l.. to dos stray there were tiremostaatos hielrwould. mho ,i,....4,....was arranged:.....to (*haw ipso mel* '',""'""""• -. •:--the lord cilancr.t.cost; - akin., ""ova ckr. ' 1 •xilorriri,,l'oropee :av •*"".•taiiti) rittrytelat. :,",0.4638,37,17,[1814],1814,1814,1814,1,1,1,1
534,1804,2646,"the foregoing ankles,sod ell dohs, et every dokrlption upon the dririth governmentmil their mika. the southall et the dam, the mann, andawait row ovickwer.vl the fort of ala ober, the city of lerhampore. the fortsetreernagiler and doted, and the territories in candeith and thegenera dacendbig en elide forts, than be reamed to maharajaham jab down' rao &min.vii. winona the maharajah all jab elowlitt rao scindia hasrepreented that he tipsily have long hcid an t.naurn as a giltgram the map of illndottan, the l.uriet. of llhoolpnor, barer.,and ralab kernel.. which are stinted to the nortnward of theemsistrim of the rajahs of",0.4631,46,8,[1858],1857,1857,1858,54,53,53,54
535,1803,2194,"othello, on monday next,aiw(in tuesday, the new opera, with the new pantomime.to(4444sl4tiay, delays and blunders, with the stew pan_may. 146;', 6perajari ii be repeo.;l an 7httraday • and satin% ,;) .n friday, the c t ft* i the fi -omei y n . pee( ough.alf s° cannot possibly be performed before monday the'to..-------- ----., lyceum.i\r:4 open, the extensive picture ofthe earthquake at lisbonictook place in the. year ins. .ranned from accurate descriptions of the scene, and genuine.41,k3eichts of the. city, before its fearful destruction.xce4l. t work comprehends, not only views of all 'the rnagni..si,„'t,,wq4 existing at the time of that",0.4845,57,42,[1844],1812,1808,1811,41,9,5,8
536,1806,2646,"tiilitidfalfish itsafoai is iiill nattlitithe 'tts soikbll %mi 41111.118.001acikeinitax3iiiiiitiiiii6iiiii,wairwicksiiiiii.ioioloorscesteltlitflitg chlblig, or chafe of opal pods"" eirofrose cork (feconds) butter. or 3ritish surrailiii opal good,ofs, as &air revoked for ms mop"") vpissillatil&moe, festal the tft at (hitcher out, to the guiltsilo) ineledw. 'robe tidier:red mist sink ter dim; hi ,iinto the mug* steiti 'at dtpaiid, partlasliabband cork. at the citstakalrs (assn who tes.ol4 to boolpea sue mad kr thelfyiim clasilluiloadlielkilleeign*periods of eloßvery ; and to be pall for by rai fieglikt*li iits :streit ninety, days after date.the conditions of the coancts may be (wail timitilloosmee, at shin office, or by applyisvo",0.4837,41,51,[1804],1803,1803,1801,2,3,3,5
537,1818,2644,"vac': 44 close ( unntic,, to be s.tp; -.totfcr onel'ontract. von, 1..-st.‘, hacte, !solt, sus-. 'ht. ;oen(' nvig.hr, • . _sl.atate tender, and t'ontrets to be made and entst.vi into fe•.•cult of t e itirrsekg ;it • the fonow;m; }'leers. riz. itrcelit, chester,:;- ilty. tram. earli.ele, i /orchester, weyinotith. simder-lind. stop:ettni, isle ul men. nina:theater. norwich' yarmouth,northam! tor.. nottin:thatit, taunton, ipswich, t.tinilguiittl fort.croy,:on. kew, l:nentry, trotstn itlge, hull. sheelel :,yo. k, end sc.arbormigh.ittitracki in ninth rtitail at which newcastle or emiderfendare ito:d. to be rrniltro-,l for to,4relr:4 wher itarriaiin not th pritsm at which swell l'ouls are used. to h",0.4937,41,51,[1805],1813,1813,1815,13,5,5,3
538,1805,2194,"4i• t 63. o -aver• 31. is, .straw 0(1. to i 5 s oil. - ‘ver li. 05, bd.wiiitechape i. hay ma ftg.l. r.,,,hay, 3l tos. 4: to 4i. octto, —av,r ,1.,11'3,,i,.‘""l""ervii..6,°(l- tt) si, 16i' °a' - ""' 'l. ;,;',strayv. x . t24' ott to 11. )bs. 11. --a°.- ' '. .kyeditto, 01. 05.price uh 'st..131110 s's market 45. 1.0.44- ?iclare marketwhitecltapet market 44. p.per awne 01214.34.average price 44. id.tasoap, 7smo,price of candles per cipzeofsea coal.:tr',°a. 41 mend4y; 1.5 cargoo 01 f..:1.016 t.:ali 1044 poo!, flr''os. 9ti. to pc!. citaldro.---9, weasiesday, it; di ti) ditto, :f.. ja. to s)',frid4l. ditt,,,",0.2662,33,39,[1846],1842,1842,1815,41,37,37,10
539,1818,2194,"the secretary's4' );()°11.',141// .aforesit.itt,'any day between the hours oftete:i47tp°47alto clock, must be d 'buthn pro n, and endorsed '' proprisals for beddin; ;""at2,]4'eft, p4l.t etzu be admitted after'the said 13th cf may,.ce,te 61clock at ,vo ,t, ecame , day; neither will anyi, 604 e °tic(i, un;:ssefthe'‘party making it, or an -[MASK]""'ql.t, shall attend.11y order of the beard,r. h. ufteir, secretary.ip/ ce op of nxi ate, gr.„ll2b' [MASK].va'.iv4 principal officer., ofms1 that1','0p0t.,•3 ordn,ince do hereby-give notic_e'll,onir 4 'till be receivedat their4''' pr'l . /roux. such pe: "" '""'41. hitt '' al/ , the 1514* of may next,of certain ar-office, in pall-ma",0.3977,34,37,[1813],1845,1844,1805,5,27,26,13
540,1823,2647,"tb- as 'ow f tato _tboatr.4or dm .tipr17 'f • •:-;:' ,1f•;.#.1""...! ~,.: •,. • ..-',..,--, 2.. koorttagr !is ma:• . . ' 7 ns. :' ••- .' : . ,:, vvviivg v. viir.~146,41110::lbaitx, 1161 aftetilr. . tmtatiiitsviegjilleftpiktiienit la thl• oitititelildatlfittifer clew mot. ' 4,4!figg e_ . . lualmt att),.' irt si ' ollicei of the 1qiikitfilleftdu'affsee to steerpt etre,ki...„ aoirjoe,ludilr'rertielislbk for ilt!1* 4ctrell witriftritst. .stbe okla 1ilftie.vvy.' ail coda, ils ?lane of hati attrar:triisf, and could obi. viet? :kterilftei,•respandbre for itl t • vattei.••• iflieleirsed t%judge cen';••• ••- morning to consult mr..liaroa 11.. • ibitililtiii6al444: add he !gees silo.",0.415,33,21,[1814],1813,1813,1813,9,10,10,10
541,1804,2646,"?a iesl—per its* *m.did 41 04 ss js *rat 141b4eom m 44 as is ad pat! .p 44 to p 6116.6 40 so 66 oatwwi it' tei oat.sedb *tilt 110 o—ester mod lambs st46o.liiwoati sod made/mall. as so.rios of mb. its tee atrede.le[ st 64 to * sorts) ss 44 to js 44odom 04 p 45 6d pea44. 04 *3s 04lamb to prawwee (tenths.). •ild to ni 4726 sildo tip od ti tyt.mann 311 44 top 44' maley estf la 64 tack' ordinary 3, eta"" lie 1 step sibs or al to aludt sada% aed as as 40. pdts au",0.486,19,11,[1856],1857,1857,1850,52,53,53,46
542,1813,2647,"• delielfirsa.. . . .'• . •.'. .: .. -..' •- • ''' -."" . ..:- '344*61111 aii omen. kr ileet.4•lo.'' . , • ''' ' • ••• . ,",0.3549,54,28,[1814],1814,1814,1813,1,1,1,0
543,1819,2646,"-founded on facts, 2 voila! ' noel • agodost the use et otberflentlfriew • ',..rooes widen and meek i situate on i ompeodopesessen. .r. 34 thiptr1% baud& ..: -i, . •:„ • nei isilestsolieblut to amildiate woe dontreedoe wed f.nicksta.""4"",,.,emu'emalarril"".views the ""t-il'ef-7.41 ls. onr• • $, .peako• pendleton) laidalsolret .plinides 'which tenerany iia. - tithe gaziss.and in and ly bie for a naval piker or ape ; • - •ibleslay_was published, in three vols. 1 os. prise wi, ls.ml ant the tooth ; mow eoien is the homer. and mia good psieilytisisbing to enjoy tbe pleisiteira"".the se •, liybourn, ke6t,",0.3882,31,29,[1814],1803,1813,1814,5,16,6,5
544,1811,2646,"political renden• •--mr. claremdn p • cornisdas, . creswity.ab' - menenius, mr.iblanchard• • °thwart* most thtta to be intranik ude( in nap otrlrtpubne do; with some real-arks 9n evangelical preachirg lxith in lifilz.0041,5 and)* further, radiant in; tv/kiiniviaijoisas up td data the church. by a wand advocate fur -the unadtthe •-. 4 3• : v°ltinlirkth mr. 1111)del"" ; ' counittion of ,anyißillsh subject aidingiintillikilhalliin.. ratspjity of the gospelsin. h. johnston olinistia,.l4ts.l3umpllßlel' ' don : printed for r. baldwin, 47, paternoster-raw. 4.411154in act il an eltraoant , - • • . &dm lkbfieli, ion din:ll74/pitiria: ''s- - ' ..f . 4-'l'o",0.4884,24,40,[1814],1812,1813,1813,3,1,2,2
545,1830,2194,"ssrictioning the conduit of the pee 1_,.,1.,though me. allan should • • h thiek, ter ,awe as , , paint an ine . _ „..„i it~, fir ,fi, and admitted to be, so this cosnro .0will come at list, that he and his friend dir. g10.1;:i iimovementsaod girkcdf.lloapproaching,das will discover, int their cost, that the 1,)0.1 willhe erectedfaster than they suppose, when billtiglii, ill.fie, e r of the chosen thirty-three who have 0t_tuerreeeted at the cross of edinburgh to the by dt1;°010,i oast in the metropolis of 5c01114.'..1)_....""--looogoill,ocourier.painted and puilisnid mintpw""tun bus 011101, 1113 sisaird,",0.4455,18,5,[1814],1813,1845,1846,16,17,15,16
546,1819,2647,"of ibis ki.d *ere to be et it foto ;yo topao6. is,. ~ls- perwater;pme poo farfitiled g sad fey ii rer_m_worog;=go, .kteso., ,‘„,''m,;,,,%. 77,..- . eficlo 11..4174k41,4r"" *al""' p"" 10 e 00011,6000. of obsimtestions wi 74. mt itrialsis, ii yeettal.ree. sodlorromposseemmodoolsam.at. „4....• r•-• •••-v. . . ..........tie emu emu .~...pt•limafa.misostobisweisat ii,es "",or. se ieedmois,•• ha a orkeeroo=casser rant c:ppacia:psejaessoy.ocenuteibeder fsm., iip..234 1 aye i,.ir .t i prose. cis. july so malty as clialtes• of the filmset si•siostswho es- •-bea.*•'.) --a• - -.6-- 1-••--,- """"•—• ---•"" at liverpool, i resol.ool to take oft pool.. moitlltelt• •wm 4/ s_ ,i s. 4.",0.4108,0,32,[1857],1850,1857,1847,38,31,38,28
547,1819,2194,".ki'..4.."" a,:,.t1ie,e1,146.t.. wl.', ti i);iilns•in its gums, this valtili,l,t,•iniliew-i-;4,~it4ll a 't‘•ill iinitiediately open the pores; ° ' id'''lle • ',ls' 'neve tit freers or c'onvolsions, for sh.ittitlst!:-1441:',41111eb (n.lti..lll,'erits'°ll,,,,,,*tlhllt :•ttliyit,ther'ditii,u‘t,s,t.„ h (0. f,tie„itlydien.-tpitifieserersit°,t.t he virtues ~t'gthet.;' oif+i'ulipiet,':svrdip.nolv refer to thetel,_'' hist-a, that 11:-.at• api;raurd 'in *the .n:inasplprr! fo,t;etl?ria‘', h,,,,,,,twi.erl years. sinee mrs..lolinsim has applopi;isatt...,4,1111 timilit,e,...' weelt, viz: from nine iii ten o'elecli ~,;1.1. i.iesi;.1°),,,,,,4ti!1 iii,e,,,(;ity,,,totii:reiviii.,,,s, to the beor who hai7;..%ll;l.‘utnt., a1:',41t ::'(,,l,,etr'.iha't iheno,,ltithelil::' i'cl'i:r;'.:t.:,:!,..;-rt i';lt. e'llarity, has,~,,,~, olovervatly 1(,,,,,,,,', '.l„ .„;, ,:,,ery faily'.wh'te‘!iii i„,, , iiithg et•ii.eret-i ',lr 'in '''', ~ so greirt a charityin:1:it i, 7 ''l""l'' d, :is :1",0.3789,48,38,[1814],1813,1813,1813,5,6,6,6
548,1803,2194,"i""*.,;its,, prit.:e-only 26.501.0.:49n!-l, gui p v. 'j'o !ifm.th.:i 1r ldviee to.. tylth s-...,.,.., la, female disease's, ;nervous, liy-lwerit.nittriae, and. (_. ~i.:,iiiiiitiv.! c,iiii,,l,i:tits. .. this book istrcornmelid&l to :• .. : ... ! ,i.,. .., 'n. hen thrs. labour 0!; many yeat.i • eatx;rl,... : . .;l ,>1)5...,;;,... ... , ;iit tne calamitous 'trin,eotwr.t.;es of 4,• n. . • : .' i a.; a,..1.:,. •....• ,i,e... to which ist a c,t..., ;;.; .a .r.l-5-7..:1',..i.i .~ !sn::,-...0x1«.i.., a.p.pemiix ,)ii thu sub :iv;'). ,! a :;,)1:ta; y .i°,l ti..!:4;;lttive vice; alsoin aitlrii !,. l'arents, guardians, :tutors, and those whol!.ice ;h..: ca .-e aotl.",0.4951,10,40,[1813],1813,1813,1813,10,10,10,10
549,1820,2194,"surpris_ never can exist in safety. hence, he we, no less vision, with the holly•wreath„ he wantonetl in avs by reflection are (bedded and doubled, ' ' •.• -i:4' r,„:""eel` if • leseseps _(,,, •of ole ilan.; for its peculiar vii tiles in this ready than a tory now can he, to censure those fairyland, the bright creation of his own yield- „, '', bad ~ ~ „ : •-l.4 ~., , , t 114.1, •,..'.. nunl""rons cases of :-.•ientletnen who have ',',rovers nis bosom swell to roar eiltriillg reply; . - -;0(-1, , .‘, tuo.ftifiali after heiiig bald for",0.4382,34,23,[1814],1814,1814,1814,6,6,6,6
550,1808,2646,", -itse • lit norbert will contain opisabird cithost001.141.110)1 _ by the wli. op • • • • tilltill •calledawantlf•one es, bat* ""at tie et ow. where art ill on. 11ell,es..; 266i..iltllfoisjz414 414 pie g.r7:°'l'br q 5-6 1,68' •- - _ :..-..... 110.8 41.7 !is mid, •••'' ' • . • ' mqvii14;011; ictoplukbasfatfikolit prolti 44'yk-ipt!ig‘n.l,o446.hill, pear seel:kg, in 'po . in' fitt.),duvrtln4 :11.2 431:1ittaditglity. . .,-. 22,/,, .• ' .., , . . tee 40altilitetliet vo, . • 2c124111bi1l miloaltip-1.:: - in..."" q . •. - - '' . •-4.isissitettiza brick favivil- •.. ""tvs day waite?lubelf,rthed. . _...._' '.",0.3296,48,44,[1814],1814,1814,1814,6,6,6,6
551,1815,2647,", , triblit. ttilt.fitan al iit 'oim 3 . .e • '.ed %. m. is he.,.0. 10 morrow. . toe sikense seg.dsei. nu, (5 ,4 mr, sulium awl., • win, tat.• 't.,,te . concerning several diamonds and .valuahleoffects-of~, suse com.oents, ..i.d'i i• memo neoet oto•lui wirer in •tolr iwo lin re en. i 61 10 htoirbew winter. • 1h,..k. it '0 ""eierrkiiid wh.k.lt the ex-(itteen of naples has etith . smpe.j°prna,l""hili atinogt!pektil9 entiep saws.nat l. a pri...-el • pelt'. of £1.1.0 0; a :joon prize of .£lo.oolt jas shimmy . w 0 - ,f_. w. 9iiiiitio , ...a~ ...: 'si",0.3978,49,31,[1814],1814,1814,1815,1,1,1,0
552,1804,2194,".iai.i tifieill,-: 1......,., _ r ,hlaica ,asl4lsls4,l wi pcsrt44l(l4yo p:ts•nter,fir,4mant:lort:rner ; • nit'ivitirei??pj''stwt). -,l9r?p'igl,l 'or i'4. rqii; ,, ,cipt4fitteskiiii,l4-18 lifeit.4b 814iit piwttri:lof 'ls.,. . :.""1::, 1'1,1..q4 it ::! •'4 3. .r.l . ~v. 1„...i:....:40i4...1 ‘.., ,:-gungxximilot2ll,ittiofiltatlniotith g cilliailletuto* toil,; al...,,e, a -i ttliiialites.p a v 0,y4.4243 l,b_lcic .11„y ontrik y otittt; ...........biana,t3iiii,l/relkiciraßstnala ratsiti of v4rtlanl•mpov. (*;titirjlo3t7ii .1e0541c) ng gqfkiiii sc rithlitibl ipiw,,l4ifeiati;at;l4l, i•;::;;.; :i.,,,,i .„.""-;:i ,„ ~'(-1iiiso' i f 1.4 ""wi-iiiiiisi? 13rniii$,4, limn .efr4tl,4j, •foi-fivo. .•...,...„-,:.) ,„ ~:..,,,,,:tui ~,,,,iit ! ....ij),f rhai flie.!lviltars t)ife r6iil pi lbitrfherw qom( 4113 l ai-i-;->in 4,'o?4:44,:4aftlitgit44.liiiy.t.iiiiiigoifo:,cf-1'wesiwai-tl.l--.) al. lel $01:•zflt: -') g'!, i. •:,r,p 'i,-",0.3521,58,29,[1814],1813,1813,1805,10,9,9,1
553,1818,2647,"hot lint wire. to .coardemiatiust dnm-tiondset persad by some gentloaies in reloirogteidlirgiont,. that ate) ,mere cestlislolol* ps.pliciaki mr. host disdainft te om."" ~ ' ' .•-• ,, • 11141 gars jolllagrillhoe sildwagri om timpeneherbeges•hy agreitiouthat :the oesreillifelffin, 'more wialso,l4 if -it yea slily mr pegklisbriblpitaspect to the gaglisser who weitsileztotts;„where 'spieler merits eatitlii t.oaths. 'lke of 10411110.41100-nal"":seta 4t thiparamm""—= ""6- - ' 'to .014.•101=111511=fliof 1inteeday night thilinwelit., 001011,_ not .lissinsednept was broke!' 941.40 tobli4 tif wontpov,daro: 'bbl ginie 1 natkies el piatit, taintieh,giiiizikig6l4o4644‘ •-migmb 1.4 4! o‘. ;• t e 74 .4•giviag, as a west, that la! p• 014 41011ite:'",0.4112,27,2,[1819],1819,1819,1822,1,1,1,4
554,1815,2194,"opetcudett:ll,l)lyaanmia:ll(())seit:ll ::iliaseiseittrs,‘tilit'titstit,l.::intiti ilaleirr t(1 t()s:llll.:,l'ic;iiititil4le:and artillery; but nothiv, ,cotild ylitbst -;, tolnbravery of. the troops composing this “)7.,1);:s f'''.1 without one check, they stormed the elie',:,:s, orishim), when the cavalry, -whiels ivo c'6„ol'passed at a.gtilhip the bridge of' rin €34..'!i,vy '''..'i'took five picee of frenci.i horse 11.1*^-tri"").l'irsue'ttheir caissons, and several prisoners, ,'"""",✓~:tic''.the enemy until the 'guns of the foro*e°up.lotntst•o!'eullr:l. iydeed be difficult to ea f' ""4:‘,.'111.1:1111:;:':""..cio‘)lc.l)iltrtgliz,}rlitlfitiegeeli.tlsoc:ll:ol)rroliursiceslslli(sl)stits, i thef,)r atilii: i.)l..i:tls‘' , 1 to vi,:talt.:cot oaottilkliedr.i.n rapidity of' the movements throe haul the fistmarked with a coolness toad preci;l°""'' ' i itat-7/)co,n4ensure success, mid the artblk xo5 05 1cexedited, - oleic",0.3161,30,44,[1813],1813,1813,1813,2,2,2,2
555,1813,2647,"of chute.aks it is, otisispievitimbet,,y..~i. .~~.....,... ......:ii• . we** - . vi'erilly led astray by a iniithlkiniilee.beillif - ,thelirtipit ofisaylgaton that the positioitof.oll • 'we. irli*pvtitsi:jr,,rd, 1140,,p,„k, .464 si - - it. as.iri. lit thii itateesotichir vial cidlivlnlt4 hy premolgated as ' 14 we embrage. the esegibt c...... pm'..,,,_,..._ 41 ttli ada. arrittliratte*cminiitailbbe7iniklbife.i.ovitiiii(7itoot'int:44.lllo,l4:iffte'ruleed:teliiit:okia7::,6l)l7od..l:,:kopimmtegitakijrepti.e_o•stg_fligei:otaxitnytatmostirrvietioard:4loraw4ls:l4,cittitis,.i.sr447.lv.sedotthiy-taasiossnest.a:mahhp""dtietestpridyezedefrtis:mdelip-ityntel.lll.llr4ic.paid::::'.‘,.....:!:1:::""..,,,,h..ri....p,1,::::60/t,....itta.:42,:,(...d:).474:8:414.1...4.b1i,;:,:i55wiii::7(ii:i...::,.i1it:64:r...:::.f.4:.,:itt5urib.,,r...0:'~,..11...:.::..,::,,,.:"";0...:„e1it'iud""w7:00:1,1_01,,14111:1;,..neimi;c0m0w.v;tri1ii4:41,,*ti...1ti1 &mid hi nita eli. to hive been letnistki*le lied cotifidenthl management ,of the tali; wamessrs. williams .and greaten, willctl :garnet,. • 4.4tme can ship union,~. on herat..:i""...c'tltta:, 51ly quitted,. slot, with the view of biguteineit iivs.rott.,.., • . eiklejii.leerapro 7ably situated as the porter of an .",0.4828,49,29,[1814],1813,1813,1813,1,0,0,0
556,1804,2646,"with pod barn and ragout.poles, by eft3matlakke. fame moteand parl fen rfaba:/rod !o destaiidbmge the tend '*iqatice to gale at1/141bridge, or whot m minteddie ida lopili she syran7=laram, knipllnll; ,whfaa!may stratford katai. maw.rivet, london{ of sierra: slimsliadord-row; acid d theof.uk4i; sortjr-smanor farm, nc.ay mald9nitar•tobt saf.tl by a13011.y• 'nuirfday,ffla 5;1, 4is icischassthe benefiftal lease of a ver , dofira , a.neat !pam, pte.fittolfa.3o.ol . .at pulite., 4 man drumawa,from loudon. with etc-. ••=mt pairs hied% a'of %gable b ;4%0.4.4 -;7111;72 9? !c.re• af -ht•illipaitsrett4/o=zb ofbe see will the11tar valuotton.to be vleartd fourteen days piuea sale illhoheti printedpanlcalara may be hid on",0.4706,32,49,[1804],1803,1803,1801,0,1,1,3
557,1813,2647,"1"" - the - distfic-t; afhig ""urstelkoriamc oso i hirtwil:b the *meets. be tholnitilatioir hire4mieeng,ehbot. as 00•01ses halm busaroors 'fatally devesopril• at ttieso.hy *air cowownd ;! and that you at the same time slenifr• toitc nm 1 mee 1 ly ethowted slum"" $ tionton,'lttey 011!, rk ham, rare, tiwrstate a(gehilll2. whieb, wiwi ilinellirmetio,:,' tiensi• thorit•hia, go o& iiiiinerritexpectlitie-- . •is that they vitt.reinonisos for a aloreliy.rectotation in sue atfairroue tatahlt. woos latpateinceii , moot 41114 lie null nm ahlhothe ellicti i 1___lj__. t_ it ''r tin-°-. .i_'' _i '- ' •: ..estorefed• as 1 where aji rzoily'rliplitiototo it for the",0.3123,27,2,[1814],1819,1819,1819,1,6,6,6
558,1811,2194,"bth light dragoons.la' regiment of poor guards. major. getteral henry wardeto 4., i bird major, vice wltcthatn, appointed to the corn.mand of a bat tat ion of the both lout. , brevet lieutenantcolonel isaac patriot) tinting to be' captain of a corn.piny, without nurch4se, vice major• general warde., en.slan thomas brvoke to be lieutenaht, vice °tinting.the honourable orlando bridgetnan to be ensigno vicebrooke,30 itepw, 'i.t• of foot, charles dettiord, cent. to be ensign,by ferguson, promoted.4th ditto, nl,jor francis brooke to be lieutenant-colonel,vice v; t, h, deceased. captain a. 0. i,attlice to be ma-ur,captainiiroae. lieutenant h.'l. bellingham to becaptaiii is compaily,",0.4868,3,1,[1807],1805,1805,1815,4,6,6,4
559,1822,2647,"health be! ii_r rir.n.hut ciiapasing lb._soul itself to liarmatille bair.pagt 6. • i • ;while hart .°4 ""14 huth; .9""irittial°ll aliliti•• la""all, sir stroh* miervetttened thanks for his, covialtip its'rim' • :,-: •'"" ' '' • bak sod atutov post•coaelt. to ommiviefig ' • giugge, gioseester; plough, cheltealtem ;of messrs. iflaku. whne,,,wever.ity eitterlux into flits hallowed oblitta- thttpagli heading, , marlborough, cala* sad - ,cialeve.ego, sodprmllbrisrlteon,soliekandorserattostwieyi:streeeelit,e3stor,rda.mf in exctilent speech. it was cliarnetcriz•g lit goo i•*na imperative ditty, not only to rerolatethe owitry morning eta quarter raft o., eln;anse the grosser nature from those is- %ash sod bristol post voteh, every",0.375,38,48,[1814],1814,1819,1814,8,8,3,8
560,1810,2647,"- r.• - - , ~,, ~04 .' •..i"".• c • . :4 fear -• • - ' 7#.4=1:4111 • eis =signs:• • ..i. ...; • • 7,..., • ~.- ••i .; .11 1*- • - • ....' • ‹a• w ri- • 4 • 111. 1.1 .a , .1k . 6 . ossunaav •• 4ti a iaip; vv. v . .•' n •-• 141. l lie ' . 'am.? %.*""11 ti. %. ~1 '7"". .1'; ' . r;,141111,:i '.''',..,l, • ~.'- 7a. • , le. ,%.• 01-- j.t__ ..4.4..f: js. - ' .it' . ws i °o.' .... """,0.2183,56,22,[1814],1814,1814,1847,4,4,4,37
561,1818,2194,"0 -trtitpiclce of or div4nce, -lfay 18, isla.ego j pliver pdl officers of his ma--1 144! ,;rs ordnance do hereby give notice,sel , by public auc7'ion, at the4:'4 il"".77-litrsd..-iy, the 28th instant, at eleven4~tp the forenoon precisely, sundry lots of,:i'""htg.'°4o, and uvserviceable stores, con-gotll, tarpaulins, blocks, double and single, powderi, 4 4""pietes, sol4lle bags and pieces, bedding, sheet-,,4 44k,°thing, tents of all sorts, standing vices, anvils,rtlspears, and steel ramwers, old iron,t tter with a variety of other articles.::41); ulrich may be viewed upon application at the-4e41 -tereßec-per's office in the tower, until the day. r del* erect to.st,ona prtnted lists",0.4756,30,42,[1814],1812,1808,1808,4,6,10,10
562,1807,2194,"•p d a 17-•„.: nonly tix.tiiousawdwith more money distributed in pri tes 'than former• lottekies, -hi proportionloy the 14,14tntierofritle supplenc4nta,iof, lottery, be-gins'dsawing this klblsltl4; guyanbei. igil2, andliniblws the loth. '. scheme.- prizeoc ;c20.,003 •--410,00)10,000 - - (ct:005s - t•-• - 500? 2,5q0• , ap - 2oo • llooo20 • • • r so .1500 - , , . . . • 21,50 a64c1 ,tickets= ,c63;000.;. • . ptiesent riticeorrickeli arid shares in:tlie"" supplementary. lottery.• ~ ticker - 42.1 to 0u arf - 18 o 16 o-qua•rter. ‘.3 o 1 sikteenth-.. - r 2 s,,alio 1:4 ras„*re,yn sale by 1. art<",0.4688,42,43,[1810],1805,1805,1805,3,2,2,2
563,1813,2647,".....-•_ •st•. .. i * ,'.0,, „ix' . •se -,..iof see &mani tier. 'lt parttime* alsawat. it: ••• .. . it was ' 47nailliglititire. eiteetlk gyve eamidieg.1771t7 yropectioc the sassafrosill° that li not only ._ _ . ' • lir' ""olhi' -. '• t 4.40'.3,,,5, ... , ,the system, hat-also el, by rendeelin-lbejtings bump, ""kat kawdeaktailt v. uei on. t 71trupwavg0.06. . ipineler.enibevinirklini with fell wer.s, as wu ring ofitbe piesidestieginilitbefteilitiskak ists'bono'••, ,hence it is highly re'cviiii;;ll4l4.4 iii thst perindbmltraawar • . ,••;.• -. ' -.. ..1 •isoisp 'aism ...7.744.‘ 641ue.i 1-•.'r ""• ' .4.11,-slida 'tilleriniish cluinealierrin beet with regard",0.4234,34,39,[1814],1814,1814,1814,1,1,1,1
564,1815,2194,"os to 0essex...,:. 71 ti• - -s to 91 *os parnliant. !it , .n vrjals' .nenvgate and i,f..ideni-1a14;-1'5s oilliy the carcase. .35 sti to ,61beef 3s 4(1 to 4s 6(1 1 veal. .......45 od to.'mutton .as stl to 45 4,1 1 pork ... ,•'• • ' ,lamb, 4s. oti. to ss. 4d.butts, a•o aidd "" --a""id acss,oool•./1 to- pt.:,56:1)s priceeaei,i:i.0...................................3.0owlditto 50 to 6611.)s each ......... . .......... • *.'.190 ,914nierdiatits' baas ' ~..• ~• • • •'.'• • ..18d "": eiti.... -.~od tt 01,4pri(x 0dresiing hides ......... ............flue coach ilides .................... ....:3811 t°3`l.crop hides, 35 to 401b5 for cutting .....",0.3834,36,34,[1844],1847,1813,1822,29,32,2,7
565,1811,2194,"either one ortwo corps warmee, in the linsations whichthe c ukattry ; r. t ell 0,1r1)1: d'arcn6e arecioitiv supported by the nialit body's ilefnie theyquitted i boy desttn; ed a mart of tl.c;ircannon anti annindniti.rn ; and they irivo sinkreblown up whattivet the boric,* nertu lo drawawny. they have; no procisions' eoc. epi iris. u halthey ,pintider 4,n tie spot ; baying plut.tivred,what ow soluiers carry on their biseks ; and iiivcat,h4,;enneerned to be obliged to add to this ac-pewit that their 'cbildhet throughout this retreatha...bee; inayked by' a b.iti,itrity seldom equ it d,and nev;!rstnpaised: even in t! ,e sou",0.4905,37,40,[1805],1803,1805,1811,6,8,6,0
566,1803,2194,"toa int:st7-1:r ;on:nr pct.. .4; willing to onntraa for,.4 -is i..1,1:51.(; 4nf. ,v h ii) g h across tite rtyer:c.le; kun, in the l:uuuty of aldninouttir,vv;tn stoi,.! t an), ly 5. toe aili partly it.oi ate de-aired takbliver the r vial-154111 l'.4tiu ales thereof at isty offfeo`ri c hepstpw, • oo or beturit the loth day or i.louary next,' ofto ul,!, 'he fliret, satrouus i ou, usk, oll wednesnay the:3 1311 of j 46, hy• ten u•c fuck , the forenoon, _thus thealine in,:y,6e :,.lici:lcture too magit4tiates, the general q. 113 r--ter s.:stiioits io .4%.: holden oath:a day.tultron,clerk of ;he",0.4461,11,43,[1813],1813,1805,1805,10,10,2,2
567,1805,2194,"i l‘erry ailive canvass 45r messrs, ciio, ssa.t.i.,(ierk!'';' ii9i.i3i:cke, for the situation of commtititneeeill ).4w 1 van only consider as a dirt:et attem""t°3""""pp4niforinpuyiii,,, ~,r4lll vpinion ; but i have the satist-j_ion( to informt c'unit4loitlktveitl:atanding the exertions.01flent,y• )ppt t‘ppointrittnr,il 1!!t.11 i tetuern""ive-rul)°:11(') tilled. rrniye a‘‘l;cilisliii• sincere thanks, 49dthe tioinyini'!,;till• rtiatk 'youyr :aepaprobation of their choisl in',„1,0u q7,17""°11 or your solicitor upon the:present oceast°llnwt 1444 sot,. i ant persuaded, act;u6e inc or presumpti:i )4rirki,ztrest in that i have looked fotwa,rduawi_tl.,he with tressbupport. ni y loll; and irttitutfeac9lanti in=rliatrke.i7ott;:r part of you, mn my exertions.iti ia.m. 1n.,.~,,t; .wit r,22 years 14 support of",0.3991,4,47,[1813],1845,1845,1805,8,40,40,0
568,1816,2194,"pease, • pease screenings, oatmeal, dltoll, calla-""ncell,4altehouse sweepings, reef, pock, and suet ; witter,cheese., nod (are ; sugar, vinegar, bap, and rags ; candlei 3"" es) :.eager, lbstt, puncheii, ' hogshead, barrel, half,i)4llpasead, small cask, wine pipe,. wine hogshead, itunr,114""vbenn, and irish tierce 'and 'barrel stases; brohenpavia; irish tierce and barrel heads; heading-, tight anti1llry:1 fire-wood, and old iron hoops, &c. &c. &c,.1 i),pb,irtq' 251: per cent, is to be mai: tspun the cones ntof each lot at the time if sale, trail the remainder of the put:-°litese-ntettey .paid 4,-iiiie the stores are removed, j'ar w/t ichpurpose a periudaf t.i",0.4142,29,39,[1846],1812,1813,1815,30,4,3,1
569,1813,2647,"agneciked,4ad after tutedkr, *ere beaten on .0 1. itnti • nightwill btrpesstatally ansucred. . ,• • jr., trehltsl;ed; i c •i ri snly• termittated the pursuit.' v tfifitthiett ihe•~.pi,actat 4irsiiiva .00 the inhove-.dinhe ground wm eo.eseih inclosed, and. ' nett withs_lsbl-ifi_e• ''sy f. khoo* in by shervio•d, yefis, ~g_ a,..i.... al__ _ 'ld' not ste.f,- id111111.001pll • pia. • nntrby ilighley, 14, -..ll?:eet• aril.° ""'i 'wm. 116"" s mill ""tor, co.g. n . et coo.mixer: —. ' v . . , , it, ~hetlitentlr but few prisoners were taken.' they, how- •: • :-'''' lii ' . -- . ,",0.4278,46,47,[1813],1813,1814,1814,0,0,1,1
570,1822,2647,"'-' - 4.,carasdalping a thr jimfoooi.a. • - 'eufir.tax ilby;eilai 'atli i•-•yst ; /..•.1.• •-, ~.imitathat if : • -.: -• • -tea' fat f.kw:•,,__alta 0 faigclfallam., awns •rei ... • . ~ . . , sum,. -•-. . i twask 0. ows vett , 'tour* a the ugdzigr.,., *brew .•.,.. ... • 4 loffirfilimriflxll ,11111tkilli ii yet; tid*ille- . ' lit smosaideendlonibeittlimill: "" : •'"" ' a''' • '''' f -sir w. db no mewed tbe bat el- ja, viola 4i.asioaaa alai, t..'aaa•ek. mari wapt 1 epos.. w. 11wheafritom•heve isedlimialel; lei*, 'hi with/itwellb ' ha/ till ~ do 12.•",0.3908,19,54,[1814],1814,1814,1822,8,8,8,0
571,1806,2646,"ifilinsda, time to bit a 114.4 144 •fit 1. •' • : :bents' 'ol4 taireti: •' . ' lunt f'.• • • !lariat fee/wore tou rospol-fisacr is. • ~_ 'atillrlan'sristy adviii ''l "" ""sig. he ,• • 'ilitly in islaciog theme my of,m 0 r -7)1144itr y's',' ~ • let they i r the ' • • . ; ..alliating as' mid a nipmtpi"" ilk .a . ain' f rte army' ""ed hz, ify""""tz. '. i.' .i : ~tetio:l47 a wont! sib*,tunt).-not thlik a i }..1 pivot in priy nanoirtinvi•ni it~l ' • •'' lit virwia not make `ti 18.",0.493,59,26,[1814],1814,1814,1814,8,8,8,8
572,1808,2646,"alp sksyrstelthibrd, in octavo, with •plates, price ss.afaryations on .the andup of water meadow.s, and on drainingrawdw hogs. -• 41k-.2:1;,.e5t g4.4‘ #4. . .mi,l„it.~; • furl 41. larding, mi„st..,lamiss's-stryet.'nitere may he had,lialiennvratidisiono of books on aterioulture, plantinr,e:kuiralaichitslkurp,.l.,a,q4capp garvieoing, hpvrtivg,, other topics of domestic amt. rural economy ; in-isalts.selatiug to estates, iltliks,'lnclosantel/gamv,10.p#914+141p.in.mr.a, price.ls.this day was pabbllsed. •- -for 16118-o.—ccimair.ingft' as) d occurrences on the ham.lkik account of labour perfunated••siminst ot rkeirts and frpcuats..14104 i of tire :guys..sthcpand9winnnition of cora, hay, and onset craps.slieraecounts.—annual receipts and i.fxpencxs.4bsilisgf ilimtables abd internctioser fare: given, any person.*""l4/clice4se.capacity b•e etwiait4.l to keep an #ceurateito/ tever is",0.463,7,54,[1811],1810,1810,1810,3,2,2,2
573,1818,2647,"the)ant oropittlinh.shat nay welt-liteelcd liori, for.pyterni tolclaisaaais and. profit to the props ieturonont, row. gouty deon increased attraction, toad net ,an - dhoisionoff hdffeteihstie .*""iy. that • the. tuteothictase 4 idiediteelikiat enema* iithe ctooodott of the theatre is invpritetietsblir at *it ad ps-riod of the teasel, and this .cuinisittee .theresore.„.menta ihsthlineel(in order to avoid soy jeerer* 4 thr:einothig debt).theatre be not continue linger 06 is slisolsorly wo.globfle'allow the usual be**. lo perfureers, ""unless the per-formers. are willies to take oi thekeighill the rl'k el lonise.ink the teuisistder of the weal season.•stify,ifhat out attempt to open the theatre seat seatoa, oh'stint",0.3822,28,27,[1803],1810,1819,1823,15,8,1,5
574,1811,2194,"passeii then exatitinatiort..ittuct4wf tiaceeted. twit t11:111 who its:ic sefft'lhalve been diselrafgeu froui any et we scalll4cl{.li, sic 4114'9e0of lovalias„ or royal vettraii thtitalionslin w ie n tlicys4llo,best; but the regitiaant, 1 noe, of corps of 11w nfrewhichtirey ,f•cre best tluichargedur!l ctl at -.l.lirisea hospital.by ;',easioticts are particularly to take notice, o'3thal feyearly 4i4)riteirts alter christer:las are regulated, 41"" oplace of paynient, by the mink.:rs at 1'in16...., ur totvits ,seatt as above, after the ,m feistiest flier preceding. ,44,4 ni 'aso tofu( pa) meut as lite manner .tegu fated.41:11:w4'4 c( ti.hti,all4 is, allci aloe christmas preceortl64,.olyilit is also ililered and three...led,",0.4309,46,15,[1813],1813,1813,1811,2,2,2,0
575,1814,2647,"am .nrij'.-41riiiiisid i(*mk ft•oviitstisitth, ivilgltllt . ;.,,. :,.11. :rm.-till they had ,repaid pe mit eittle the -.:ihtfillfiiitiicti iiitied its iiiihitt'aitivy . tisteililleeil•flt le ore ""*'.'ra 'amor. `liaight*s. `o t : , its.t..,,, • 4,' „4: 9,14071.x.. 114..10d. se deposited in their hand's: bitliali, loozillsoi,gagt,u - *gm tya. ""lc hooka . • .bciii‘malts: meitiii.' 14114ittiis00 ~,4,...-„, if ','g.,,a-aitint, of sock :diskielids ~as they themailvo : shit ace* *lotto: ;lid 14eve,4, ili- ilk,*at 'time""'ooiiit, in • • 4 _ istro • 'i!.t :.... ~-, .i :. ' • b.e nt.1.04 tp,j33.7ta•gleg is.pen theidielit .t4f : im.. umialptow.i. 1ere.064,:7,.,i.., . -~,,...i, .asp- ""iiiitt4f",0.2817,46,2,[1814],1813,1814,1814,0,1,0,0
576,1804,2194,"3, . • 1r. 13 a„,yi n iia stock '1731india boa&oinniurnimpet.'3 per cent.. ssplito 41111. .96 9-10&ink for account,delerre(l3 per cent. 'cpns for feb. s6ita.-cf""`",0.4722,58,51,[1852],1859,1860,1860,48,55,56,56
577,1816,2644,"40 aii p.a. - • 91: ••7 ,ala t !a a 15, ; °ala - • 21 a 4 :pn'and oats .ain•pmt f cur .tetand k.ton•rape z•t•cd •",0.4037,12,54,[1850],1852,1847,1847,34,36,31,31
578,1811,2194,"he glvo his intoraiatia 1 t oa) if,~_. 1repooof' iuitice end a depire to, nialio all ill° ..~ , ,eias .possible.!'a. ic milts, who paid the orranh,lbeoc°: ilidl;4.ll,plirt ,(:)1 this testimony. -he 'had r-04, 0 pr,but newly plared in the,ottice,, all''', j jou ""i',':ing day, had received, as itobf(ts ""i's foes 041.•c , 1notes, which circuinstance, must 110,0 e, ii..p,intinicated by some person in 115',.°14,a,,di hob'the warrant with , two ,1.0001, vow' b.,olie ,g 101. tvicloo,'rowed titiin armitage-490r 01 •li to filar' ,ofoi. and one of iol. 'hu 'ideatih''' fix- cypher!notes, the 201. and the 101. notei,t 640' ;__„. which",0.2975,47,7,[1813],1813,1811,1811,2,2,0,0
579,1813,2194,"(tich _11,4 c' ? v.ever bellbe sel ih t' ta. l,aev(leit,nfr,lrte.,, nn. se_a x cret,ry,~,, :11'.'1 , a (re iilili'i~,,d hon:: t ,),•!"".:1r "";ton, i'!,id ,till' r 44/(11r. 1n.),yov iilittire~iftv.,o; „1 quvr ,-,,,,, , a,,h ,1,t tilt4-01p i'i he ' 4100,'63of..~ ite i ~ t151 ilcir(ll, '10 : 4 itll t',ifite' ' to (2efe # ' '', ~'%lb), i)iv ttlight ot i, ilt. 1111,5..,s,;ttrir , e.]r{i 1, (lily 1, 's wellitti:1:011,:.le titc.""til .1..41111 4, 'lbrjiille 71,11. 1 '4on ' till11 , '4 of n"" ibr°l sk itttlitisiilell"";; , 411tho0 i/ i(flu' st ir ii hackoa, till the41(1' 1411, • nrr.(ilic74i..,14",0.4818,50,6,[1813],1813,1813,1805,0,0,0,8
580,1808,2194,"brewury.a n experienced biieaver of bz.fr,' ales,and pokter, according to .th.: molt approvedtitttory and pradice, wislze, tor a situation in the coonify.plerse to addres, d. d. no. 12 gerrard-ttreet; sono,london.shropsiiir.e:—,t2apital oak tti'oiser.• to be solu iiy auction. ,11.1. lots '• by mr. •wrigkie., - : . • .at the talbot i no. .tiarki:t drsvi...;.. on wednesday the 2.lth ;of tetrinary. [MASK], at ',force o'clock in l o )n pre- lie attern iclsely,...t,{,u pwards of one - 11-10 uss.n 1ii excel-hutoaki.i- k ees;ttantri'tthei? tops and ti ..i:,‘ sialifiltg 4in mepaieili a- c iiikii.,,,ewlki ; six miles irtvii tiraytoti.al • i./rtieg fri:;o",0.4622,20,10,[1810],1807,1805,1811,2,1,3,3
581,1813,2647,"stable. and cart-abed. four acres and ahalf ~f fine meadow had, w ith gates opening to the commonthe bosons of ste held fronts the loverto he viewed by tickets, n writ, with particulars, may behad of mr. pike, sitifeitor, 25,•air,areet, piccadilly of mr.sherwood. 4?, bartholomew-close ; ou the premilks; mu! atthe auction %lan. • •finehlei, midtt eiter.—elegalit ereehoild, stud • pau beepswhale,'residence, and librlllt twenty acres of rich meadow loud,, delightfully situate within eight miles of legato, is tgensoef. agreeable port of piurhtly.i 14• mr. j. h. stiv.rwoffit.-- -- - 'at the avelino mari. near +he batik, nu ivednesdat,iapril y.b.",0.3962,32,44,[1807],1802,1801,1812,6,11,12,1
582,1803,2646,"r *o lip thenderer. wns. salford, un. cent-nundoe. line me a mend and (tuner marries; opyoors on be eskukted he on mused mersdams asp, dr private ilisip ei warms s fez indus.lea* et diet - zoo saao& beeseeno dabs • - 5derain tm held - - -adaseedres 357 mite toe& 153 alle, mos idaonads are ee clerk new. and in is condition, andartemide% wilt befolk, kr one& mensunirkes.and provides&be partiodoreism of whirls old be a:prang in catalogues, w‘kli anyi an appilcolon se meolko. st. beebe, urn= end ligessil. oner-ehosse. leaden; eir so mr. plus heirkor, maebastsplynionsis.mae the rate al the",0.4152,44,20,[1856],1857,1857,1859,53,54,54,56
583,1814,2647,"....li. de.iotaiiiiiit visos row! lk. trim? ,° '.n ' • "".stiftfitma eignaterei the *recitation of ho.. duchies monarchs have been placed in crldifi. teriejetellinki.lheaffitasedly the march of two armies of 'lttimialla - i:„t4 couple"". asil opt govt,' ..' l' •• '' - ig ond holstein, the seetoraliiiteief the • . . • , .• , . it' ' - - • * and have found it iinpostibie totiltrith)o'. ihnilidwg,,,bid prootians. into holstein to ostanplo_pie), and tie . • - . ""06 it bloom!.-tell *mead testes,:c; %:-- ',- - ; :of . gienkstatleand frelericlitkieoi-se ae. •with voice of theado c chi",0.3182,34,42,[1814],1814,1814,1814,0,0,0,0
584,1822,2647,"?dolt.tfirya( dr meth./ rahromar drat oa owsm* oa popiteows on ddwailad ea twat*betritedla tookelttla ant asoopoas to do atm- • arouplot, galin., loattotat. stow& 11111osbasnia,zustrk owl toordasot aw ot art* pot ono, s, falosdk lirsoafh, nodart. this, iledido timmtomah 1114;pasalk, dattitrost, dattaaatoke:ailiive y. otaty oaratos. at sumo iltrevashiglks.tol,• arldpett, illsollatd. illobbridea,ilikaera4itirs, plaskwater. mod=ms '• *mat inadheasaa,sof sollsgetslis. ==:;pa, stokwatar, and son-1dot sow tsar ladit aim% ovary oral.; at ail& ;onto. at oa oaaab awl kota % liodboolotto byaso we 6 a oast ddlablatotawayama la om mk ofw; f. ousnosy, al lialeesh law, ilit (1in0.,,es.eat also. omit hop is roadot a",0.4407,22,26,[1857],1857,1857,1856,35,35,35,34
585,1814,2647,"momews! 4oa • tenth* walk.; had 4a114. es,=:d rats well supplied, and rustiest may. whialkatteniteglls fr°pe nc"". . 'o° ;•,64,x_m-,:_•7' ...7_;_rd-7' -,.:,111.t, e..°*-4l.;.: fla`pqa of plmbilltifi"" 41!""41 the ziert:c4 ~i.),yt.!of st, ago istiptsaticable,.• then take cantonment,. on it beso/1""4._• feldie 44141011ty .a . yip.',i„:xfm,p pr. lirrl4._ , ,_ww°4°ct 6 affrn!,,,""*""`t"""" ! rt:l4:3.o'ivegeiti: tit% teimplutrignd:wwi. -,,,,?.oer too*. tbet trade ?, was it oat of 1 wareaw,7.until the rniposk•wairs of.sri pt •• , . 09.• 011#thefleletteieler atllw, °°9lklol.l. .i°°,..pe : amide saleshabeiteeld.iveekt____,:be•ttellevbeil by the ‘600317,430 yipdrat la order to procure that informs.- finitively artiinged..) 14 ig auk teet the.. • : ;",0.2453,34,5,[1813],1814,1814,1814,1,0,0,0
586,1806,2646,"kilt on moil.eiooke and co. nekan, ficeadilla of ablilhedgo if otpti,t &relaim, ticpits ant shares waruodtedwe. th-0 ""eel is **twit:wooly stich, containing s prizes41111141001. totefit wv* wee bfl;dodi. §w of coed. &c. &e.asdauly eisat.pay, to,e4/2 jig ttototy gi,a.rubsc. ph,und to patlak are tit not to delay, time being yerytlelmi alsieg dia almireedisincd treat''0017,47; drivrjr.t'lefdwf..nal at)0111 at lilace will be paid on drawn&• waicornaill, load ho. y, chlarihg-qe,oseobop refpeef*llriegoaints his frimd+ that the• 'third day et dravri,qg of the relent lowery, will be esdrinleht.use*liirinote-mbeit, and die tale anointsand shari,* hai barn gratim mho* it pa a aortabity thatevery linelrawn ticket will",0.4173,52,43,[1803],1803,1804,1804,3,3,2,2
587,1810,2647,"- k tttat14*; • tflaiand:colfte &lard. .., _ ,l___4ll - - i0....4 i-• * ' ' ""11 • ' - *'• a• vis • --r • -1, , ier.a,4 .i,,di„win~, . a.! . . . . .. 0. 401.ttf`dirs:14heritioet•ltit10/601- t, •eeellslac•pf•pall3l4 a grailaa4a al; •' %,44/6411.1. '44, .4.• . 4, ,', ttri :...•.prwegi ... el ti?‘. : '', .. pit • • .... tto ' • 'a' voa "" b4'1441 -f; :lat• -• . -*aa #lidlovett row kw reoideocek-fil, ei . • 1,4 >1;• '' ....'•, ' ; • aroitik-'0 •4110*er ptaoton sok•outtliehwiowcomßplpl.oll . oman • ow., 41i-;2- •' ~,..ai",0.2125,34,46,[1814],1814,1813,1813,4,4,3,3
588,1805,2194,"all saints. lane,ististol. aiturnics;v4vlr. robert ,itannatt dowling, chew.d6gita., s,iil.l:,:ts:iiiltul,,pr nicolas illooturci alt sweet,itiiiet telpi;le, lotittoilk.,s •:4, t... iitohert sir, ~;ooost the youitecii.ot scarborough, yorkshite,1 suip-rio:nir, to surieodoi tit.v. 1. 2, anti 26, ax ten, at thetiincliell lrin, ss:at-borough,. attorniel, messrs. rosserkokl 5.'4,14,11..tt's buildings, holborn, 'london i or mr.po.bsoi.,, ss.a,'otaoliol. . .t.110t1,.1 letikithi ;111t1 thomas frederick- wollen, of high:stye rt., sc;tithw.:tx, surrey, and of chichester, sti6scx,liritin-tiraperb, an,. i oo-partners, to surrender 0 ct.. 14, nov.2, at t ws.ive, anti .26, at one, at g 444,0401, landon. a nor-.itch mt. charles few, new ,l'soith-t.trectv. itcd liuh-silll4llo.",0.4377,41,50,[1815],1811,1813,1811,10,6,8,6
589,1816,2194,"dmicatt, are crtriqulletltdotily,fr.ini eight till 4.141tt, nr fty letter, conrmittati4 ;t fee; mut theiittve advict: un 'roe.ilays, and stityl:”s, till0'c1,,,a,,....•rhere is aside dom. ';titcl private rooms hoi~hlytftllta.",0.496,48,34,[1814],1813,1813,1805,2,3,3,11
590,1813,2194,"salisbury 'triennial musica. jr. fesmalwill he celebrated on 'wednesday, theno of a ugust., two° foll days.—t•per-t,ot:tilanees will be oh' theand same ,grandowing scale as • h usual ;i,which the band (numerous and complete in every depart-ot, end particularly adapted to give due force to the choraleugaged 'from the opera-house, bath, and the0. s concerts' &c. &c.principal vogul performers,mrs i madame catalani,"" a•rnoo, mr. belhony, mr. harrington, mr. lacy,and mr. brai-lam.r•priu •'1 leader of the band, mr. cramer. •i9p., second violin, mr.j.loder ; first viola, mr. ltts„t, i rnicip;ll violoncellos, mr. lindley and mr. c. ashley ;rrlneipal double bass, mr. percival",0.4398,10,34,[1844],1802,1821,1844,31,11,8,31
591,1813,2647,"1 cod:mims remind us.of the speedo f.jite,*othearrg hi - a podilik-faim bair lin' ""'.-.i iir..4f:rettlttotriitoilettadastlit.',iiittifitiirtitdieuratand, and maid, um* 1 *mtge.-end juliet-"" myatt:oft all set ay will, the grnistimagat •madoilikik4 •-•r• :. 9 .1, alserklitifrigitat, •bduliiittavisoiatior apasat ow q( 4.. irittlige ..it ii faistati•for.# that thenrat seal. • corkseuts me to it."" it has imen• odt iefsfortene toai...1 4t l......a . •-‘• . ,) . . p•i .. . --.! •' - • tilil.' iii ilitii. of . bribe our frteridslo their bliii ontioiox ; and it will •-17-141:__=11' '....,:::..:... . ..t.""•, .t.... .. .. ... 4apapt,bt* eldwiause of the mot",0.4206,5,4,[1814],1814,1814,1814,1,1,1,1
592,1817,2194,"r e a n,di(fnir! t .i)7l.hlin,eve?li.u.gt.iffori) ati ;izes, nlxttelt 31.tue fang e. muliialt;, pec4,i,can,i,et.:nv, aln,x. m'clhatty, and iiiiyanm'colgan. ; .the prisonen werf indicted tor administering. •an sinivltil nal) to jnbu itorian, at ciaticktaitt4ilan, on tile 4th of december, [MASK].evidencei on part of ti crown.john rovoint examined by mr, liovb.—witne,sssaid he knew charlesmulhalloold the rest of the.plit,oners (identified thein)—recollveted seeingthem on the 4th ot last beeember, at carriektarn.iran, in this c(itint)y he had known theni all be.tine that night : charles molhall, on that night,e.,1111.4 i:oes!,:on! into a garden, :hid took a hook(nit of his pocket, awl ask 6i .witness to",0.4384,3,44,[1820],1820,1817,1817,3,3,0,0
593,1822,2647,"hle. ytii 1140. ,:041* or' • , . pomade! pargatdmipiiiiritaity. go prows who. aid they wsre-itharge4 with having intoned....,_._. .1141 bebild.si""an tr, ra iran"".-1.4 nli'l34blll : , sot* sew &utilise o.l66aaletodh,• bossecoorop ah, the cuericr- fiaiirsii sod the /mesa eraamowacree6ofa:.. . ~ . v. .three leetelitke before she '''kook lb* limb and fatal we a bearkthat hotly* es . owitligne, sad the temonr,asee igykomidos won doom aftepoort die molts if abs armlet some sew.• act.tim grater .'awed up dm wee, aod the awl' to-tit jad -hid'taloa. a verdict. ""that me deemed, set hang le wen__2 11441,11-zolol.. • , - •",0.3448,46,32,[1856],1819,1819,1822,34,3,3,0
594,1819,2647,"• ""owls ito' i 0..014 t. es sr e 1.1:141 e. s f.soil•ly . u ....titer: o ri' ' leis om ••a%ltt. lit ca i a dna- ol are 51 oa•straas *es. 6.6 4,5 ausar 5, d *silo 41. ...... to. a co. • a 5 •a. dsrla 1 11 o.....ekeerp. he 05.5. .. 111 j-. •f 310.2 ..... ' pe.i any to .i. 1 g•• %. ip aid . i •.. •• - .. e • .imolai, i 5.11 lie aa,mis."" toe wato. a• 4 wat 4 told hsra .. eis 0,5,.. , , „. . ..,, r.,,,.... v.,i.s,",0.3807,34,50,[1856],1855,1850,1848,37,36,31,29
595,1814,2647,"in an enormous de-"" dressed the livery, expressive of their decided, op.! isteittence,- shall he settled` arid' iiicertainetl by the i were the debility' has"" fir 1 year;-.trisied, a' 'raper 'oersed.of ee , till-it new amounted to, he believed, neatly' position tp the measure, and of their „-eoncurreasciaeteetitatfasionera of customs and port duties lit (re- i..troerraestwie,,e47irstiurnitterrit""."" 709rise6„pir tilta'• „`!,;=11""atif thousand 'millions, and to pay the interest of in the wishes of 4lte livery. mr. altierthall, at*ioa • land; iind unit cupid of 'the saiitichedulethis debt was all. the lead in the kingdom most- partkularly regretted to find that in the",0.4945,46,34,[1814],1819,1818,1814,0,5,4,0
596,1813,2647,"-made, f. cooding.. as to .tho•itostos•nnder• which. mr. gregory joy. a party of die ,c,oltiasioabs .of geards, porttaity_e ti.r.!!!!!!exit„ 11=etridlot,tzel,siht roll' •(!ras anfx entitled, 1404. with hit. dagthite, to the'; paid, -however, thileatemed to bugrestef '.doabt.-.-- who woe statibliet-rbtotitheith d'hiett. tkiplire ,7etetv,mrtritioro;pimorion,;,..wtsww-sisoo•iltak:sil..life rent ortim'proppr.ty ; -od the. son. rat whom : if 'the promise to, repay insd been:44oe afterwards, ealht the subset:lolos house belonging to•me.r.te. i treshogikerytharikwaliimr.tidtbk?s.was4doswisi 40 hi11one mr.'llirsey: was concerned, was interested in ; then it could only ,have been aside with ii view totlie f• hem; by ,the•l•tittois of-ihe rtittitin - tiorkiiig at plotal,caearno by ny ,",0.2569,9,34,[1801],1810,1810,1810,12,3,3,3
597,1803,2646,"needs hatinnal lauer rf.ffroniiwit, pierced for issans, captured by bb hialdirs laid (hip doats richard parke,114. commander. feet inches.length on deck - 84 2/breoltis- - - . 2 , 7depth . - a 6admeantres is it 1614 mis-.she is a ainwelwitly rome bulk rad, nearly new, wield stake anadmirable plow ildp* war, or far any ether purpok when bemeld be employed; her snores are new and abolidard, and withthe veffd are vrell worthy attention.--inomediately afterward. willbe hid her warlike stores, province., he.bomiarles, tbtabcots. and sample. of the dories prima maybe fern, and had on *okada% to medic cooke and milford.nesafart",0.4996,62,19,[1804],1804,1804,1806,1,1,1,3
598,1810,2647,"• . •-• coivigw. ipriokom,r..... cllfik4' jathes hfcti ;wert, opposite 'antal-street & jutpban.,nq. 13, greek- ittie.,appl.icatimi aisii ii! wtililb-aoer o*p en r,a.)4‘,..svir"","" aliiharswdep rglehael.poyle. streetv cohn t-crisp; t'ivetislustitretii;• add 01 respectable me-,.chirte atai cu. 1attain iloutiltosi tichard a le, awl milk di 'ages pro- • difirs4,vcadors in lnglcsade laeluttloded• knit/mt. . ' • -tiordvfliey vire di• whfsl:' thfl-0911°:0•14c- ••ite,:. rai reivsnlitt,ftittrl, cray; john 'l' tiorisil- s, ••••• • • - ;thaisitslar, 6,64-'1, i lug; it 1 . , tip„ ' i/. ! ,'..••• ..” .. t.,t .:- , ; .../.. eu ~i ,t,r. , ...wes. 5.0tothici""'wilf6 cl*' tti*i k!cq 111141(jr.""14214.141rdv;ti",0.4171,39,54,[1814],1813,1801,1814,4,3,9,4
599,1813,2647,". , , . - .~....?..... vr•...1 . • .., .. , . . .. , ,-0 **************** t.itturis ....: ..... ~.. i.4 -.. ~.,: ~ :1j hen 181111taisewsb:=11k ""70' ;:'-.1...i -.-: • ' .'•,44*-~ ~,,,,k...,„,; ~,:,!„4.,„""'_.ti .. •,•... '‘'.!.., ... . ifsmej ak, 08.41-4, nsg*t... , 4b;.,~., ;~1 . f0 .........•.. ~_,......•0 ............ •.. 374,44 . . •°'4' ' • ' .' 111144pde,„ a aim.' ,•. - , .. ai ii.0.,,v7,7_...0.,‘.4%.`,11...,..0.*„..irr'44h10'',71‘... ,~ '.."",'. * ~ llieesaciseiset eaf, 4.b.s=gelivai, 77.7;044114- e)~.; 1 , •,. :1i ............ •~ ant-trony • 0-• 1 •, •.. , - .., nt arifige ' ,",0.3495,46,50,[1814],1814,1814,1813,1,1,1,0
600,1823,2646,"soriarr, sr .10.0.-71 - ' takiffigers . c it 'becomes an haversaf.sll4lollll . ' • - • • .fauns krihiag oottatt, on spaying,* withartty other litird, outrikt, „pr. :khe .i.* ..- ~ . -,-. .1•;%.„-nir 1.-.lsm_. iit,l.,a-tx.. ii•:.20,ttiv;jkiho. _ _ 'hut to drum tit...iit..tltz/losigjr, : .7c7iodcb-•of march, by its brilliant rhitepeet: ands -when prerat. td hor r. ,lrolt ;`l. p.o •1• •'•4l *is•weg.. t 4. sit- - ! . !war.* 144r•,e4,2tcmis to, !if iu_.elat_____mi!.3ilf!f, the.' . aante • '• `"". • *ilk cou'lrt-rigt.aft ..sw.accurtlicks to the direidoik is eitnahlerably.kronger, . __ _prlrtsic.t.. ti.vr . .."" 1..t1mr.. ai?. fag ,fr""witta7estews; -:",0.3142,18,29,[1814],1814,1814,1814,9,9,9,9
601,1810,2647,"bite, in our opinion, its rite more tortetal, itssentitneutinitire,esittsett, its idertrefeerintinitetr 'tate *o-livet typdttittrisctisse.-•-gritiot‘iieldr7it: pau_ . • „' • - • #l.l./fhb ony.wral puhlitheni 11 .tnitt edition of the •p.• welgito :mq:11111k6 ao if n • mil• .701kaappx. v 094•4, ""sy4. wire 8821/.. inih yio i vhf -espretaetettylia.kto1— •i.4:4lt6ittlitetattr, !ail? to ilk itiolltig•44.0101011*-co infer .7-'oe4licittillvt putt l in. i 7 v7td:11!' of fetton; nod conjectures on [tit; d ia atadta104, ti.y iliillain iloytty. ••• . . `.'-- .t -l';' •.pal. 11.--i'arddige nart !tie ragoteal of coalmen-.tains.upan :by •thillirtm co' w.prr.val. tt..--at tran4ntitna of andreini's moron, ho,per'sunt -frientrof sown—remarks nn dilrerent",0.3482,31,55,[1814],1813,1813,1814,4,3,3,4
602,1811,2194,"'vk y 1) tn.:l'i ci i!:r l''',l.ll(lit dc‘'‘rl°' r`;1);11)*6 w11°44deartwo ot thardlockte ' • , ale fille i)'ssterilay, jona .i.iitcher, ,esq. prsoutllsv,ir ,diyear ot-ins age,. • - -t , / ~ octb, v6l4'on tne 7.4 10%t„ at li3b9ii, agce 55: 01; iii,' 1::11:11.:,4itrt...11eir,-'4a'clatti;:ki!!--i',;4?lti 7o\t'is-i)l:r.'i.rt'llii)ltilit)..yill;:ctlileil.,,47l!!'""7;3r:l°lll'clit?it oa east w... 4 tit t11.,t t.:ettuiy, l.............--- ,40- -----:-:;77;id i f)g l', i ' •.iitati .w.nt hit at lon vo,n 0-' ' f‘,, nov • ~,,, ion, litre -.' 0°114441f 416,tnio.,after 7. i.l.•vcati*, ' , ~, •- , ,s•• ~ • • i-2c-,‘piti,p., 0- , ,• ysts nik y . .ftjci,,1 i adia , 100.",0.3276,42,47,[1813],1813,1813,1805,2,2,2,6
603,1803,2194,"...illi fa. el for-tot:pertsns titbootok 141•icto.lin)lo;gojitpkliott j. lae;•1 ilexe, 1014,4uaiin then; . stiop4i tin,* wt: re ctlrt,;s.l„ 4* ;,\l. 5,44;4 ljp.it et, aepttrimp;na.„,,0ni1a:41_4.46111-0b1; tiritnt rgeoti st 141;14te.', ‘alacr..v,ril!brga atiplitalttril tl' ' k ti‘ ai'iasioes,,- ..- .4 s .veld ke'trialidfl*r.mkpviuiitteiltg4lo .in tliezeti4isuut. ele4ieovitrim ow.n-tiee tits-ali•.ot4 frlifinfrtt ms. . , :„ ~_ ~ ~t. n1,11.,1,454,,0terf,-tilil64.volt,giiii,sett7t riirc'etvoflr .rig elt— -i 1 ; ‘.. re:.i..,, , . , s,. 1,,, 44> ‘, i, 1i'14,-""r64111 ~,~ ,",0.3568,64,39,[1814],1813,1813,1813,11,10,10,10
604,1803,2646,"eetnmands hekirtilul and eztehuvewes kee we of wight, the sea andltirrouidintthat dellgisthd w4l/ the greve, adjoinieg, hi pest .ofelse.frentifee,and will pe woo ha the. sal-. .toe tonle particulars (,i(itf l.etter. p lam) apply toeharles st.aktbe, slq. rrthellanh, fn lyminrod, who wellmike 111friblurifiewhiplialleife and 'furniture.:i—r7lem'24s.re se atm) aximposi—by 'verral add son,ett the 461 skip turros,in brigtake irreflon iu the cettnuy of&ski, se therfilay.dhe sof may nett, wawa* thehour fouro'cloch mit: afternoon of that day,..""-vw kap rpr replied manor of truly, m-edi' witi the capin id metuags or matifion houfe,sarni, 'stibkst omit-other onbelidings, and sso acres, moreor i b, at mak, kfeekw,paltere,",0.4989,13,16,[1803],1803,1804,1806,0,0,1,3
605,1814,2647,":rein**, . •494seersetion, and -spa .rwe atiffe rauckplessure treapanancing the. arrival,.-“....'„ at•,,fiew.,marshal lord beatiseunn, at sir jetvtaim will.be every has themselves favourable to the principle of the much; his ii1-eas;?artre umbers""' : -it 11114""''''' umasiostry,s, in wigmore-stragt„from parts. *a,• ' .. , •to pay some deference to the state of the than his head eaten del* 4seengereent. h. 111040 „cotra,t.galtpur turatse.-oifiello was the plat : •se devoted to that., saasure,entresse with those public ev. ~mo to wait till the subject be better, and fests•incessatetlyillisaysiri el pint tis earleintr;'l6/14 yesserday, in w.hieh mr. liiu.flo aßpeared: (oil •°deluded upon the i""''' ittaderstood",0.4136,32,41,[1814],1814,1814,1814,0,0,0,0
606,1806,2646,"of ifie seterah 'cal or, who was iktimatxlyconned ai ibjifi the chimaera of the periodin wltkilunius wince, and ilfs astwinefie completett, the theap-the ineft-ticounvninlnn amokprinted for it cm *a s per t e bridgc.fireer, blachfrian„ andto be had or ell &widener. stiff/calms in books.lol. ow ilf fe4 a.,,mc..trla .4. 41.0 k a loulkit.ito sow/. ny .auction,.''' ' ' novi ...tome* and perm,valefeefyiefed of try 'sloan colttrad, of wbkh km days preteikouswelice will be given) se the bugk inn la newport. no weerzklay.tite ifith day of match, preciftly a [oar o'clock in thelit t folloviing lots of capital oak timber.pow growriatiq",0.4702,61,31,[1803],1803,1804,1806,3,3,2,0
607,1811,2194,"ttiat power ~vas be, tear co ,fl.l:•nc, ; 00,lit con:i..ny, he c n-idered tho,e tt cre lou t ir•ncls11.:e ,vho rec4mrtn):oclc4-ipithlioi:y as the b, st•hi,:ans or their lid e•ta,listiing•in the co.iti -iwe of ,), 'for i:.osereas..ins ile sh,m;(l mese,tie, be la - be-ore 11.0 h c()ntearaiive ,scare 4di coin--i.)!scoutits nt th. hank ni e: glad, trofr theist of 4atiudry.,[MASK]), to the ist iii j i.. mr-..mni aninc.; o g-t!,l to be node stood, to tile~eouitie of what lo.a 6how this question, asno 'irstru -lion hatever iro•,1 the cow t tit'• direttors. it ipp :lied i,) that.the doeninet!'tttiovcd for,,wciiid he attend,",0.4553,42,32,[1813],1813,1811,1811,2,2,0,0
608,1826,2194,"fritlar liriarrataoophtalo4l of 10ii)l` vsittoitle gun, six, baburribero,tolt,irteekr birth coolt.member* avero, i4lr. cocitor, 0420 a sir a,ticy, who wort b.%killing toll 4,trrd liato <ssdri cbsiroltiehttur, ortil slammidge,nine(4ch ; coriotiujiw,. otol mr,t ntf orc4ey, tight. etteli:a swami ski ,1),,,t 4410 abut of *ix armor each, savor huhscriber*, at germ bird*. it w4ll rt tio toetwerro alerwrd, islitid strutt*oirer, oud was ultimately wort by the foruter.",0.4193,34,50,[1819],1819,1819,1819,7,7,7,7
609,1804,2194,". . capi _tal ald tizes.t- sw ift and ,cif.'s o offi k ce, ifs(: p ttl-btitry, the tickets'anci shire of' the state lottery, torksd cawing on monclay•i,ext, are on sale iii•kreat variety,l„api pals --it:rhe tkiliowiog c.tpit.i prizos of the. lot.in and for.- the la t 7 vf $i , -ivere aluited, sold; 411(1sgistered, at sw ivtd ia cu.'s office, via, ~ , •• ?• nt. 226, x. to.ooo 1 no. 11,499 k. ; 2,000 - -11, so, ;"" - 5.,,,,,0 . ' 41,6,6 - 2,tioo19. is... -~!, , 04 - - 3,e9.1: - ' 1,001 ';0, . 5,0,y3, lotto•",0.4275,8,46,[1801],1805,1805,1805,3,1,1,1
610,1820,2644,"uli.ebufi ariataa front the-w intim: ml4l potilialing wspapri s awl papers of it liketiatille, by no 1.4111 s 15.11 tomato, std fur reattlatisil shepiloting and publication ul such papers in 4.1111e1 14,11041 neta 411 46140114 r act 1.1 pailaliillelll, passtil in ,he xi, filthyear of the reign sit tils i.ir.rul majesty, intitoded 411 actto provide for the collet. • and management of stampduties two,. painpi,kts„ alinamicks, 41111 ilea sp4p4 ra,iwireland; and idl another art p wa. ti ill the fifty-fifth year.or use 111% 461 .....'llll 11111tilled all eel losrepeantia ilte statue wire dohs s on advertisemencots,ach--511411,11 al-ls, eeo snaps old",0.4924,37,8,[1819],1819,1819,1819,1,1,1,1
611,1814,2647,"have no charter, as ikberty:',ficoulightc. •),:r r. • .:. •:: ,t1.1•41n.4.t. • • •44 whinge:ft itvis;:truin who 'cita failit'itiii`self'atti'loktg, tto'll44::iiipatity, if the press is put under'censorship, that istittge7,o4l447;4l.7l,.,4ntsir'f' if. france does flees not egerralstirldberty ofthe press, the basty,...:vinstbelibsideiassaongevinsre-opened, and lettit-i-de (iiertit tfet'idtßi'f for„:,iftrel,have l misfortune to speak againtkthe.4dtfoohitica-don ora man rn povier, or to say*ol.44l4omis:not a rqd appearance,- is a wi.rdlidospiisitlrriirivehate the misforlue to.ifisplosiaisthst • et' kiiriattman, or the lace trey of itnttstt- itr:nlll.o4' 44,41sisetbe a doebt that re shall regithrtrit tisol toir titerli r 1ltastile and ili its cavms,,,s444444,olniscitaansvour.voices will be nalonger heard."" c?n)inonco;ichr;a:aii:reasona in theas4tpea, on''itr • •",0.3449,34,45,[1814],1814,1814,1814,0,0,0,0
612,1816,2194,"1016. ' ' • r w i.. ' patwhat a quare place is this city of pat.'',attrand snt is he that lun6 in it tarries :ot t, soul .f 'cm wert itissi%sin sinthe english titian,heaneli they, cdwraiitilteetie chain.i 'laugh when i thitik of the bigtiers they pa; opo, , •hve s eep, they every one say it is »suitor ta ,shone/, n'tnirset cloipp4:l`glost;while aoivi4 tha:name that they fine to a tat.theycalf a-mad muado etti4t pretty utalatt • . ;..an-41 44141 a asait's niely they. aay.ltc itsa caawiiiiist frig.; they sity's-o green , • • 'a afri.sate.t a tiotnier'und ' *ahi",0.4925,29,40,[1814],1814,1814,1814,2,2,2,2
613,1810,2194,"leon or in the canaries• fcoll'ted a hoe othat happened. twenty ye•irs ago.; :but in this case, '-' marquis wl.i. l esl c y.--"" we-have aclopduct [moregencr,,us and more vlitic."",with the fa& before our eyes,, you have the hard'', ' d ersisl•.lllhood io assert that (luring the months- of oe.fober, moniteur,,, france wishes .yota! wont p •.5ea!', '.noverrther, and. december, an english 'army was' ' that excellent policy. it will give.. her rbe..ry~::.,orderod to occupy the tmarshes of waldierci,, „t, ii„ ~ or toe, india.and the freconix .of 'tjl /,' -0:other words, that.t 00 men a day were to be",0.4998,57,11,[1813],1810,1810,1810,3,0,0,0
614,1813,2647,"wholeirrertch people a tiptoe, to side have intelligence from hamburgh to the 234 ,alt. andwith hies 1; and the only, wit to put an end to the from the island to the 4th instant. the sluices fromthe. fohrmet„are so far satisfactory that no new seve.carriage which has • too long defiled the earth, de-formed the human character,and degraded religionpractised in the city. by the frenchtgllol:te.rnartted government, .the following is a communication—especially christianity, is to call men into. 1 from the latter : .ourcouncils of more enlarged statennunic iiitrs than 'r heligoland, july 3.—.1..arn just informed,•• -those which now preside over",0.477,28,32,[1815],1814,1814,1814,2,1,1,1
615,1818,2647,"free .sof any ex peace., during the saunaaf.a whole year, prosidefilielkult may oat prat-red nod hay'solikr mode 'of accident t aim gold ..sed silver cheanometeri,rand pocket coned, jetsetter', horizspill„etplfhea. and ptah""' watilief. hit warranted ar abate t like-wise all sorts of gotd jewellery........xsubilinuilue **tides -of .petit-olt ere mealy doemste„:—snatiat totes. tooth-pick. ..awl ipesseil•casrs, spectacles,opera and eve glastet, welch chain;, seals, britrelet., michchalon, thimble!, combs. atitita betry 'elf (adios' orirrtment:.of plate, table, desert, tea land •egg spoon., tea and cremespats, sugar tongs, and souders the egg spoons da not losetheir colour in 'the eget as silsit dries. air has the nt",0.4088,22,33,[1803],1814,1814,1814,15,4,4,4
616,1815,2646,"boiling-wash. to robe.r r sp_dle__ifid__a_a..l of tbe. mica "". ictiiikdtempts avq""'---: ,4,,, 6.. boom. monro, grt•goiy, black, i:laminae, duncan, and runierfonlimo. 4s. bd. we twist we thah not fie deco med prinlituptifous ipt saying, ilia' . sake a quart of strop% gravy soup, and wilco required fat the $ e awls, a ehecutor. to this miklos te aim -7 a - avorrpaas de tatar *viii_per wangsgrocht.•••e of the sick, jt will admit of a considerably gaiter degree or reads[ or man (mitosis, ate. ' gonzalts de cosig; e.-ott masada recoomike. of yletilitiu our proficiency a 4 aiquirepiepts air pol inibusliterabliil.",0.4201,4,12,[1814],1814,1814,1814,1,1,1,1
617,1814,2646,"story, 2 vet.. 1 2moi price 74.. i7. points atid""plays,4 vols. pies .cl. 9•... . •. ...... . . ..4 . .s• ''-'_fitie-fre :ramilittima eay was pubilshed, 'oectsy • ian;eitit irjirdf, 41"".461. ero•bogit•l4ll6-'p.4,ltenrii -.ii?cifticaili :lattiia--1, loin; b.itig et'4lg r(oir of it_m.15.13 pqap4s,destiteil l'ejle *tin-mean ot .yountlacsdioi.-;•/..thy nimble rove 1 sktmvondiamt raid atul lear.hrie'terti, . •ctikiles abeheatta,aew'r. ,:..•sweets td ssipfary :rrinkn `put p. t. an-1 3. riviiiiilll4; 5: rialifi-01;miwillan: 11.'1414114u, cractuck sod kit 111114'..shrglvou4,*4y) ift4 /.41ptlt. , • • •c 436 and aindbree:ai cvelop.faxis•'4.- .' • stutled van i'ologiit i; .1. ' -caul*g. ill 'biiif-three. nan form*[ t mice hastdcor 0i,c.1:;"",..luauevßo.",0.4609,54,52,[1814],1805,1813,1813,0,9,1,1
618,1824,2647,"trial at hertford has induced mi iin femme( the blacks; we have unhappily bat too mitae 17 ite .- c:..1-elation what i knew 0 c . '••••• :el '.c ti e-; :,'. is to give in ohr 'resent publicaticn isfull report of the pro- i proofs of our assertion. the; the public wind in the colons.,vas any card pist i ngthink my wife celled o. -:=!i1.44:i... , , endings, that took place, after the first edition of our is always too prejudiced to do justice, when cie nevi itbabe- protected, et his wrongs redressed. bp confirmation___--...-..----------- ‘yesterday's paper. the eitraordinary",0.4948,36,28,[1819],1820,1820,1820,5,4,4,4
619,1818,2646,"q. 041) 9• ~1 ....:•. • •,..: s, ':./tide""crfovnle.ces•n ?,..... tsi ••• ••~. ' • - 70 11181087.1.71e5ti. • • •.1 of his tail,"" .. ..i.i i• scd...idil .:. .."".•1: surp..ng jantpq, sec. gp...c...3eu.• --''.,_ d-o 4.,,,,,ir,e lee:circa ; particularly, itir. esst-leidia and other foreenn prohibited fikeode....7. -• .- •'ll 2 '';'‘ vartc"" '""""ar. -t- :.. ..0- :. garter 12 feet h!gli 8 and. - rox saat.l coszeuseemis. . - ~, -• . .lime' will t.-""•'''''; ''''''""' - s',• .:. 3by m. siornau.-mr. not coffee:. ,coeca chocelasare-se&,a-asid•oshes o:cts ;. , taken, he :7 '..111 writs '-.1 i-.--'ll'.: :, i.e'"" lc",0.3547,20,46,[1814],1814,1814,1814,4,4,4,4
620,1818,2647,"aeofferiag two issues, one te (be court. end one to thepertfulland uswking illalfibbarek set+wyn, was also mentioned, and ""thits`stdered tobeset aside, and judgment entered up. •at two o'clock the sittings commented before mr.justice bayley._ _ _f 7.""- sat,' • .71,•?, 1-41 „,.., - ~,,.... . . _ _ _ ...? • .1... • ..- . . _. - .ra:"").' . '-•.' '...'ar.... •' ' .4.` .. ,. .• . . - .lie a ' . • .. - . *.* ..---""i'""'--orhtotriallllollllot... .„ . , ~, , pod igil , .... • . l4iellifh. ap: l di eidiiii et, firfaitilliaireth of",0.4902,29,31,[1822],1851,1850,1844,4,33,32,26
621,1803,2194,"tb flows to ,b: takep ofmr., foslaroolc, at atebox-olfiec in little russel-street.- • •. the poo.rio..;tv •otieloit -1-t,itt pust the. per.tor' v 1411 ce 414 41411,f, past, six... •~• ,„*. •the new.ciandrsejto conjic rom3iiceof.,-übw \-41avathor the driver and i,iis dog, mil be rtlietiietreiiilyivolittill further potice'.'fhe public arc ffost respecifollv. informed that ,mo.ajor-:s etvi.v.ni .it ll:nice-will be goic:11 of„)aeclir.)t appearance.•. .,the atre-.roya 1., co vent-c:arpen4• • • •'• moj.jkov+7' f,vf,ning,• .-pt rr . _ •ti •john butl,:;t,it:lisiiman'fiap.:stof..'• -the eatri•ot• pli-a-liaiztain, mi. davenport ; •eekva.rine.,,mr. cook ;sir simon kochdale, mr. ,1114,a n ciia. rd ,tom sliiittleton, mr: ;frank .12 oelidak, mr: bit",0.4672,54,35,[1813],1810,1801,1801,10,7,2,2
622,1812,2647,"koa.ii ( stilege ofetliolourgh. in stil else, or si:tit% hitr low. tiin, as,tl tit ever,complaint of deit.lits mat i). tirient-s, .i• i•lnt flo i4dinfoluntion of n rennin dealisitt•yr son:4l. awe r5'59.1.[MASK]. iu nnialclimates, free lit inc. • r any ist user caw,' psostur...4 c. defic•-oryof monk vigour, the it:. tient 41:9‘ reav .91 9,p, ds rector mienito vicarou- health. their improved plan of rsiri.,;: sairittr. -the utellun hos been air. ded watt pea olta, tarrem, htrlrlurssof tea :at& in eviy ear.' duration have yielied in their treat.i mem to the ,hort perm( of tioee several n :armeeatelaientlemen fir-i re-pi ctahitlsi",0.4852,6,8,[1803],1803,1803,1815,9,9,9,3
623,1818,2647,"yeowitto, anattorney, which they het lett. io his coachs wen:hrilitilis.,totu r further etemitistion.--their being 'on,,post!, ma.. against 'the prisoner, he wits lihersted„go, two -limit» for his ippearietie, if be911..4....' "" • kikiiik gilled vop•- . --; pr- , .--• witss.e•it..-vhe eairabidilary ..diseppierince4. 91 *.elseg min, rained' iteberie, 'she held • clerk.;hi :the ordpnece.eißceok! 'the tower, ""ha, el.'u 'is crated. on' min*/ night i""young man,theei aid 0 • smack fro& and 'reil cap, nos liken into'c1if0401:41.41 the constables et woolnich, as iipid(l4 *abider, levies been observed wander.ins ',heir ail place withoet any apparent bus-mess.:the: ionittible took :him before a hligistiate, and,upon",0.3886,38,33,[1813],1810,1814,1814,5,8,4,4
624,1810,2647,"• _ -, •. ' • ~:... ., . . ';'0'1.... ' .! :;. c'h' ~.. """" . -.7.:, -!"", •. - .•, • ' 7'i '' ' ' ' .r-if:2. :,... ' :: .`4. .. z •••401.# 4frffer.-"":. ao, .. •,..„, .. • . 7... p.j....,,lii.. . , #.l..1.i:,.: pi ...,• . •t7;;3"":?;!,..:44., •4. . . • i---r... ', „••\i . . . • • •• .: --4 -.-; • • ,i',,, . - . ..,, '. • • . .. .. qtiortivacitg't,:,:,"" ~c, ~, "" ' . ...` .• •. * . ...., -• •i - ~e. ..•.",0.4297,17,51,[1814],1814,1814,1814,4,4,4,4
625,1813,2194,"was ever in;attled tiever 110, could be taken: to 'protect vesselsr hwo holland with butter and cheese ; andd'eng 'that suchpractice should foith with bescontiatied.a aki,law( i ""toil; of the gentlemen of the. ciiutity of) will take place at the guildhall,4 owbury st.c sale •-141,4 on saturday next, for the purpose of114 :1 ing the best ineans.of testifying their a!1-ig.tll""i'of the conduct of captain broke. (who4.111 ..i.uffolk), in his late aetlon with the411 frigate. chesapeake..11 i 1,!, alt my.tll*lid ,tlicers eri---""""""—itiiiiitniong militia yekli_tveili,ltig.tvc4:l44ve not c„„,i,jeted their quotas' ot.-!v t iad'~81: :1,4('oric;ecit: iiti•k::_(l 'tlic t;t:lilroown6i.engnialerdt:esr:.piti7imautlteai ilist.,o ~'illg ):1 41 'loyal liigtartess",0.4366,17,46,[1810],1807,1805,1805,3,6,8,8
626,1814,2194,"\44,,, °se which his 'lordship did delivery4ted, or coloured, to answer the4-°see,,_""if, this inflaninia• tory publication.--""d ilex$ll returned to town' from paris on'""ht • `lst, preparatory to restuning his en-/it 'lt c(„.ti • , theatre.pt, 4 irtin it-bardeno;iitticiulusen who lately died at paris -i),rofoand erudition and excellent,"" absurd enough 'to see him c0n-.1.111,4143 114'1'2117 of the public prints, with thealu nc au sk;n , whose travels aret.,1,j4lt,.,y the childhood, and were originally re--1 u learned as a whimsical satire spunto .1,t11,5`,1.s abyssinia is needless. tofitti,thig -raveller. was altogether an unli-t:lli • '4""l the name a mere •ruse of theto, (),(4,.514",0.4948,41,37,[1841],1844,1844,1844,27,30,30,30
627,1807,2194,"al ~,,:f,),- ; i. dale a,.;;, .u; t ..,,,telsoll.at/calfao'; .nr- ‘vii,'.•:. ~a',!: ; ~i'l,iiii;,, !..v-r.k.; s• t.apticuliiej stony:mar ; 1'• la. l•r, ,i, ,n.}..,r; ;,,io,on 0•04i.liiitifti.l'eftli ; ‘`...i.,.i..:;,.ii ~ :),...:!1.::,..;; i. ;:,, „,,,,1‘.1.,;(,„ i.cirh iale,x,..niapr, i.4nift.aglii.,... i'ai!,..,, :)ti!,i:r ; `saes'.-t, /if.hroatil; -dick.vin, 111,;:1-, i.1u:),::::... ; 1'0,,,,,ai1, hi.tv.iut;weadql,444)tv:, :, 7 i','''-': . al. -'1 ""a.: ~. 0. , ;ill.l i .t!illes,lii, rei, t:p.:34'411 i a . .\.' , ~,..,,,i, :..:!1,..%, (.;.:1-.;.. ay ; ~,,i ty, nrij .tio.4milers .:.!..1 ',.'elviets. of i-,ielit ny-tdit.me.: i,i iii.._ lfaiitit ing(teirn • , • ~ixthen procciisional alen of education. aim.,•v v • responsibility deviate. from the",0.4131,44,37,[1813],1813,1813,1805,6,6,6,2
628,1823,2647,"then stood before her ; . sippi of f efidecno a.,1 qejle9le t.re___.„ wrie...anattl onmitof jr*r., k,i,, ti :_. tiot.rizi4r. if0,a....1 tet4l.,\.itot.vbiethe wiwi; tbs'yntrtiftlf4l. odtolitirbilieei4ol;, - . •-' isit,iiilltiiiitelenoalhe entire-rtalfssion of the fresent tee-vhat.sne thougat they were worth;- s. - a übe* 'sheriff haelrveitatdibetitelblikibists sim, 'woes and oppcnadve ditties *ad .re,gulatlons upon the~ tkcirwateres,ne to errote spyr-tse oi tow' wilco: . oirrr: , t - , .. . t.,. 9. ..•11:,_,,,•- • -artgants • ,au mm..eted on the hoprop_riety of their con- •• etctirie moltke grenedfirnapityvii thk tehersie}ef a t, .~. tol.z, , ..i....ilat)..,bilirrd loiter, beflitt. may g•-mmumm.:*mmow le: dintrtatitiri",0.4105,13,34,[1813],1813,1813,1813,10,10,10,10
629,1826,2646,"turf-7a*. - • ••. • ••4vrlibirtnilpita so inipiohillikes,. l mity-libilma, 016 • •. : moe ...:- .. ••. in the '' a the bald :di whalalagatell rail dielial. •j, • . •.. •- - ak;.....„..arglogollievldremig - • 114, pellerilleildftia lefeheeil'l4l *pm% phillbfeu ili leit*sh.em•' • •• . * lineation of the sprints :world. •by pleint_egest,_mtkittlesi:l.4k-- =it : avm caw +ll, ofof asslieupwr, ' basiaglenbillan. . . .esimmli-- '•-• + '..•-• r • •'' - ,- &aeon • -,•,. . ..1- ::&call , i..~ .• . • afflict aditlelle aberteted lehh eehinel4, milk 74l' -•• • 1141)iag' '•: .114killitit'. wiltillitilinic• 'r•",0.317,19,1,[1814],1814,1814,1814,12,12,12,12
630,1817,2194,"britain andevil, and sealed t.;11muss, of tithe rand !ate f.mir"",""l,p111 y..77..................""."" -.7',.-:...---7-- - . .grtind sumnier totreay.sivevntioi-irr, having c..wrected with go,. , •er • veronica for the new lo ""1 of, io,eco 'll4,l‘ets,whieli begins i)rawlit4 the 9th ut julv, submit; the fo4lovdiiint( seheme,,.frained c,it itte4anie.principlci as the lost, whichglee such unirers.ll satitsfaction ; out he !hitters ol,ef tirepresent embraces litimportant tprtivemelitoi, wiiio, will tieapprent tu every one.'scheme.4 ...nigel of .../..90,000 c0n5019... ...... .... l. 140,0001 ............. .... 14),u0u money .~ 211,0u09 ................. 9,000, culibuto... 4,00.'2 .................. 1,000 money . . ...... ,2,0004 .................. 6041 money .... ; ...4 ................ ..",0.4735,28,51,[1814],1813,1805,1805,3,4,12,12
631,1807,2194,"extracts front, :rare aud,cudous iforoks—survey'of lister's kiiowled6e. memons ofdistingui.bed niscais. account ailanson,'the naturalist.original poetry. litrary and' miscellaneous inforiniticii.alcatllly list •of nov, publications. meteusrlogic,il ae-gister. disepvcries end improve:news in ;viii and muria.factures. obituary of distinguished persoos. amelia,duchess dowager of weimar. dr: war. hamilton. pro.••tessof mallet. domestic occurrences.. li:wand, wales,-scotland, ireland. lot of the .new parliament. list ofbankrupts. foreigti -occurrences iterrosti,si of -publicqontirtercial iteliiirt; prices col course cr'xcliange. prices of . price of s .p.4111tu,11of insurance. agriculoaral•lteport. el-1t:4:4 4:1 graur.cortesiwit(kat4.•• •-•bd;n 014 iu hottles,a.gpiae, at,: also bottles, price 335. containingto' four'eiottirs at. t 05.164:: by4whieb tin:patient'cs. int:l44n .olstithe diary. the stain!) of",0.4462,44,56,[1801],1810,1810,1810,6,3,3,3
632,1805,2194,"co:141144p:or buvugpre,i (beret', pat.tern: sent agreeahly.to the di, ecllons•either o an eia p./ifed iv the26th rear cf king george ca), r 3; ar a t 4ei palirfi in tie350 yeor of ills pre fen, 1:1111.4fle g , cap. 33, arc to becbargtd with an aaditismal rate of one pe4rj.the rste syr pt4tage upm the stemtpr &ad soldier s' letters is trotaltered 4 ibitpreient aet..by censmovas of the parini ivey- ge,rft al,flt:re.nc' 1s jrs ling, &treat).4111 st ind.1.4 rome,411,n-rb ""di r oco3l piiny .1n d•l..4nli trading to the east indict ao bere& gig's 4v6eire,that age ner.il court of the 1411c...0at"" at",0.4687,50,46,[1805],1803,1803,1803,0,2,2,2
633,1818,2647,"weeded be informed or the tenor if hie politicalompittiiimos‘o44,4ritlatre.)left.baits reos end said, that lie was, by lio-liiiol %meg of the teeple of country, drawn freeredrelielit to throw 'ms aid into the popular kale..hr ylelded to the application; .tiod received, ans..liciied awl unbought, the sentiments of his canal.,• lutists. the accidental cireumstancs of his rarities,:chip to diatiogirished cbaracters bad teen' ""toentieried.blab at he revered and respected the exiimples of thenight chaticters alluded to, be could assure the meet.4ogetlist hiseyesshoold he earned to measures not tivj~ istei,sod that he mead ever be friend towns the caulk,.efthe independest *importers of his country.—(4p.sleltre.)-:rho electors",0.4387,42,18,[1819],1819,1819,1819,1,1,1,1
634,1819,2646,"• - 'same title v v ilea ruder. ur ra: jackeeo•and flory, exeter,it,..e° jkluaregridan"" and lia-iet ye, ""kesasiriet, siditilivark,' rope suit 's'-'-tsibir- •ia limo. pike 10s. 6d. beards, illostrated with twenty-twe . contain* operant:l of nrie hundred acres, '4 'engravings by lawry, to mothers, guardians, managersvonversations on natural piiilpso- schools, hr. and corn, wade** ahem ell ham the tows qt derby. emoubeetwore. lc ""cm: ,boddio% ilash-hosa, , •c phy, in which the elemeuts of that scion an tempi:why ivirkflocri rsimp on the turopike and ensii-ceerk teadtrma derby to chesterlield. tors. wits= and•itaisoodo, pktebdeerre. sabo, oredsotem.•' for further particulars apply, to",0.3882,39,56,[1807],1812,1812,1812,12,7,7,7
635,1813,2647,"persusided the la of till* country will,peoesir it., sattleielir::::ltaili‘* •-..iriaililevel,booo6l. , *...eyilible of lids stews is true. iyhat is nothing, how- fa the niein'timie! i wish, tei yfar aimy (gobs 'off,,r2„,,,l1l.i/i . i . 0 :lee -idedreidrvateitodempv 4t.., intiotoe.,istrokojesofroour *miters or weir 04.4. sew, is to the 4ect of these pohlications. the reach, to pue 00101111,c iipon their guartageinstelik '7'777 ~,„ - • "":', . -- liklkkarlibbiki: bon takew of this cabbie mei• faith. tect syyrt sortamiumreessasteelvevidial' wog •froi-- ingot* it, the worst !talky of aqr may...they will ,vierbe to captain truth, and as , falsehoods,- witittfithe dally 'pie* lo",0.406,32,22,[1814],1819,1819,1814,1,6,6,1
636,1818,2647,"a governor. tivi.• that proceedingner foottel another motive. *. tioree-fm, bless the''wiens with a merclfol,'ditintiotild christlingovernment, sad to saalittioni owe for felicity oftiwir lot. we have eitlietbroken oar solemn pro-mise, or lameatably auletaken the means of mecham.leg it ; liesenteh all it appetn that the native, illteat.eider themselves opyinesedt sot conciliated. t , •imin-'>~ -!mssprice of atockb tllllb pat at one o'bbocksant steck vlte .4 pet cent. nhi per cent. kea. ni 78 ppr-cent. nagy4ver cent.cotnnle • istlinthonds 87 88pee cent. 84 , =tern. 10* 3-164.014,16 for ace. 791 see kids 1$ 18 pi •..1100.1' itipsle4fi•. ..4 -._ _tget, r•,",0.4723,44,44,[1803],1803,1819,1819,15,15,1,1
637,1811,2194,"vote for-iwand wasausious to guardthat vote against misconception) feltli.pgr as he did,attcr what hag foilowed the speech :uf his noblefriend, that lhere'vt as a.necessity for such ptccatt-lion. ile woc.h‘yarg th.a the power of -proctiihr,,gby 101'w:in:mon was one 11.14,1cpu14, not be !p:ttrtedwith, without-great inennvience and inittry to jus-tice. the office filch he had had the hoiroar ofcorivineedhim of thi4, iinpori an( cof shelf p0:,....er•• in tk crovriin, etivs 01itevenne ; but his had said tintlorq-which wet to question the proptiely ,t4l-'was the imprnper application: anti 'hos*had his, fr*tal; proceet4d ? liott(ir47o4lhitns,ll upon the opinions of 42rdhale anti,xairbisckstonl, which opihipns,were not con.ratlided",0.4897,25,57,[1813],1810,1810,1811,2,1,1,0
638,1822,2647,"lord deliresa sinjutrgio frotblhe psapnerifish t)tey gnat_r • sod , • •• •""*. to take their case into its consider i --0 erect to be lb"" trot""' that tbellbs pawl siraoht t* inch iip . • .it likot . p. 1111,211, object of alitstottod. it w lbeheona rettfi , , deli? tortiiiitletbialo% ki:a id toy tittle. n.. ,, . as -,•,1 .• ,;, •••• tv v.11.? ~.....c1 ,-. • . sid 1(7 clark-moved fni ar "" fill number of tblii.dird4 wbedieelbsi1 kr; . . ~,,d.d...4h,...aiiii........., ----,.....4„tviktrb,44batur,...:„....._. ...l:,..„,, paeans on half-ay or i• or' april' military pen. jai. , , ..o,ldd,,,be„;keeirst.o",0.4041,30,2,[1813],1814,1814,1813,9,8,8,9
639,1814,2194,"ece..ii 'ist or daina ,e.t.i- nill-ss entered as suchk%1''11..... ngly, .i.t the 4:da'cen's-1.4ea1l inn, snow-'v 4t irs 4„ ,1 tkii,t,--f"" parcel , -41 the abovet..% •r are lioo,ed for all ' • -e'white horse cellar coach-oilice,",0.3488,35,43,[1814],1813,1813,1813,0,1,1,1
640,1804,2194,"fro, •tl2ers, lantbeit; from bristol ; and ann, hullow3yrcowes. , floo:sailed-.the hdary. ryder, for hull ; pile3s3nv`mc /2r.rencr, for tenby ; ann, gent,.and resolution,.:'—'liverpool.cray esini), wit. 14% ' a'l'an'passed by—the gange, seat•m, from-it. kittllt; ito, ~.,tune, watson, intl. pli•elix, -----, from to g° .a.-)ail, gibbi, from llarhadoci; a 1ex;.11.1,..r, ltiltherto'rmi.tii°,lr.,'tortola'; vassal, a idet!ion, limn sr. vineesle*! ai..oponner, lamb, and phoenix, all)eriv frqui 13'intl.c. irenieria, ashness, from sta;kltofin 1,, t s i,o!teit:i; c°• on. t, .. - • . or,afonidk7-i);fon'arn---, yi):1-tkl:rvvo°°(1 ci'laftr:ilinv r. 117 ;from wancia • petsy, connell, eirerprire o•3lleic,',.•rdit""fs,, -err, a qt.'. !. „soli,~„peggy, a'intitidirs, heart of oak, nifebsier;",0.4956,43,10,[1801],1813,1813,1808,3,9,9,4
641,1822,2647,"n.• . .• ,. • ..,, . ° i •' -~. to f.. b'r.. , ... . ~..._ ........... .... .. ............... ; .. . .. „,. ,she filliicatielt of leatatseee a ""up' bat dui • ""int 114 11""ahetbis lartillig - 4 . 11111.14;iighl liip11”'• • °teed""; 4 ore trionts • instep ettwat tie ilbla can e: at present. it • .tm.4014.,4 ths •af pa • effect . . • '• "" • k '.-. • 1lbjeei "" almi°ll.l4'--' v biting. la the whisky of itliereom,• miliettoet. • • .___of this impression was -a ferment to the bleep •i."" tale",0.4424,16,49,[1856],1814,1855,1814,34,8,33,8
642,1814,2194,"&c.`si• i.,i'lle and music conipoord-hy mr. m. i • t.,""tsldb44 ""e pantomime produced by air. kirby.4rl;tari;nt,ltt's.ailm• (afterwards harlequin), mr. hartland),tr 4•*,,,,. ,11', diamond merchant (afterwards.pantala,.4ittlitpipe ; lown, mr. kirby; lili;lutian sailor (with41, nit,.,nlli,l gledhill,. a child only five years old (her""11‘ i:""tt,,te on anits t',..: 1; diamonella, the fairy ot thelictlt'ilt-,;:,,,""01e ; 'fair eit7a,bangliter of the diamond myr--i,ttlit\: ' .:4is columbine), miss valiancy. - - ..ektt ' pant • .; valleyof diamonds, willed aniline, called the4ttl 4,40 ertrr evening4y,- iirra'7i!%lacheth.--a)n friday,5n„,.., .- tor the 1 d• •mr keanjane shore.—on sa-4lipti.. '., t, prince of denmark.7on.7, a.;r. .:--- fir et. thuti,",0.3932,28,50,[1844],1844,1844,1844,30,30,30,30
643,1818,2647,"th 'pole' - ':4.1 is perhaps (flooded on reality. ()ore~,tte.....le'ltheit progress round this dreary hay, whales ; and doe ti,deaetege tilt: ' „.fre ' ...:t of this salvaile'ditcoviart by, •*..' ' -,,' .- •• .. • ' ',4, , ~-- , •• islor • mts..' 's - • ---*"".. - ' -`:'~, 110 hap . 'i"". • , ;,, •. , . .n' vtaisael, inlo.. ~,,, --- . . -._.:. . • • t .. . ....,...,,,•,, .. . ealif , . ~.6 lor nippy to isaforill . •• . , ,a, ' - ' *.. -,:-..;••••-i.„..,i. go rt*.yr.)l4l..nth ell.",0.4462,33,20,[1814],1814,1814,1814,4,4,4,4
644,1820,2194,"watch and ward bill was read 1 third0;7 and pissed, as was the mat me mutiny, andor two other bills.the queen.ifiltilli t, sr) of llvelipom, rose, and observed, t.bat,tio4swiiachad already passed in. their lordship,e relative to this subject, it was witltaadte,y-tartetelut reluctance he bad' to rise to propose._ -1-' adjournment of the bitting of their 14 tmodfilhi'isint:°""'nflt which was fixed by orderlisle el--'l‘e toisietet'o-morrow. but circninstatoiene,sytotik-11!e to his knowledge since that prnce itlie11 1:1il""hees which were thought to lead tot'lrs thee'snels a accommodation would takelae% a' rendered it more than possibileuntitie.teeaaurvpt"" proceedingtour ti may be tenderer.1hthe'• (;',proceeding'wolf! i not be",0.4847,41,21,[1819],1820,1820,1820,1,0,0,0
645,1814,2194,", ci' ig'river at six o'clock that even,ill• cop-,, olt' 1101 have the honour to inel°'` i;ior. ;10 ~,)ti ""i t° co""allaccount. of his proceedings ;aria time pesideration the enemy's force' witch vi.strength of his -position, toote, a*l)l'asun, daccbati—",0.4313,8,52,[1813],1813,1813,1813,1,1,1,1
646,1811,2194,"gam, .lireat tisussell-str,-et, ittoqlii3thirv,yvslettl. , at itav.l•tolv,r. • 1.*imam boil la 1. '1:p11111.r, e,sy. tracis. thttl6ivly, at wilton, nr:. 1114abetti",0.4558,20,35,[1813],1813,1813,1813,2,2,2,2
647,1807,2194,"with' abbot2 • :i - - lo,coa , . . isr,qco a)0 pr.., sof scxphinator# letter. press,: price 11.. 1 i5,..6d. ins' ..• - .'4 t... •• - • • --1,,,,tit - ..• - . ... - - 2."" ' •:' ' s, oc., 'll,lantib..• '`l 7- 0' :"" - • 0,,, - :.- •-• ”.- •••-• 4a, i'...,, ~ '- rk' s eries of ri4(:ravi i 4(.; ~. ezplairiiiiq the 6-aubesoo -: - - -.-• •- t 2,3 a ot;lhe n6rves... 11 charles died, surgeon. iii r(tea:• :ito.-459 i •- - 4.,'. ' f;,, ; fp.- •• •':. ,",0.4448,52,35,[1814],1810,1814,1801,7,3,7,6
648,1810,2647,"tiog; siaii:o6#l4l tilaced hat was .i,lllllilifuta wo •iltr'elit'iliaiili it toe k.4patiiiii; was bytnisfehe'seplittieflto'be'thedeltho,liatistelptcm ; whereas'thenny a* dnite,fitai preeeittlfetiln ilelng phsent bi•littliittotiikti:'` the pike 9costsunenstras in plant clothes that: day, as .tviiiiii,dills:plikti 4.r. constii,..-i4. the other. furkeills,10ifltglted. as' before itatid.' 'a ce*eert,,nod,ite, .. o'hivr'•...the '•~......,...."" ... i..iyago ,soisnevseat london 411itia, . named gertz's, trapchtfgvil by a mr. collop, of lambeth, with '441inea quaatily 61. cochineal,' value 1161., • hith fie .entployed him to carry. mt; callop had purchasedthe cochineal}yesterday froni a druggist in clement's.,lane, lomtiard.steeet, and employed the priinner;wtiont lie m'et' on london.btidget to convey, it tothe house of a dyer,",0.3263,49,55,[1813],1813,1813,1814,3,3,3,4
649,1819,2647,"said that the coon had sopower to order • jedgaseot to be ootered, bat the de-'sedates oriaht bring the ledieterent to trial.the defeudent, va, leboure.l ender the indratityofdeafness, stated. tilt the indictsovot had beescalled so, bet osevirrenve boa addseed; and that,by a previous ainneetornit bet seen tilt other parties,• verdict of arqvlitst yeas gives. i had been me,gaged le varies. branches of edeyation, bat losecoopirtely rained by th.e itedieltnet, end be woo(irished to prove his inoseeette, sad so mow damagesfor the injury which he bad 'imagined.'cite calla? said, (brat if the detailed could bringforward •is aholing intl au mildews' ind",0.4879,29,51,[1819],1819,1819,1819,0,0,0,0
650,1813,2194,"attend all cabinet councils, and wil°l., ,net ipy. bis mind continuallyfot-e him in his judicial c:iitacity; and ""!'_,,,asides, is to sitio.i,tulo:hient, and correct th 6,of all the. courts in the united kingddi'l) 'fi,10to-.if velits, or any of his adherents, $,.. „!,~...,a. 1,tempt, to sal:, that there are any dei.),,5....7.'.;,,,,his iudi,...ial oilice-from which he 'receivtfß!),oupon the sobjei:;4tut..""necine, i. shall not 51;1 ink front t.inri! pro‘ing to the contrary, t. an ablo ii,,ishould in' wantito4 for such an undertakingli:'qas to (lit; tine>rion before the ikoloc!r . in,cts,ity 0(a vice-chancellor, there orq.;:'.;!taleitts to fitise' wiio will f...vltaill jilt pr°l,lloi respect the improvements already",0.3404,46,8,[1813],1813,1813,1805,0,0,0,8
651,1804,2646,"'ma 6e f.utrel in the yuowl (err and difctlnd..t. 6t :114 .%t.:hor of o:,fe i^t n ; wht.h vnt •41% c• .•of tse ru:l 114,4 tna it.tr ty 21 •nen, numiern p t t..t f. 41 yet 1, :t.• y, f., 7..6 .i.rc ri..ucn i i ma .ner 11,1,,,„:„, 1f; red c.d.a,u tdc velocity of %la v./nowt.",0.3959,58,48,[1815],1813,1805,1804,11,9,1,0
652,1804,2646,"taalore me amount, addrvil.d to mn.kn:.,lt. at ahowc.own. and efarrl orialitcl y iga -.44 tajskm =ti tat chic to la :ant ica•asp* moil_ sem tobe isonialiona•sitaw•slber the mt, de tamsdeadsroral parsons, viz. one 1 elf al the ms der oftmeasher mat..+,u arbor halloo theta& day of dearadaseseet.imb parabahr et a new ern iva be goads& haw tbe aftat jossarr laft, to the hams theibmie ohd odors as therealm plepriaters .1 dada shimthe dividend far the tae year was am& 7s. sd. per bare.farther pantrabet slay bs boom be maptong to mr. !loftsolicitor, cc mr. loom, clot as tic do*- company..to",0.4042,51,20,[1856],1857,1858,1857,52,53,54,53
653,1810,2647,"and.tbe•itnind„'. unable tii. litter itself with the heti of redress from tho..justice or; generrity.of ,loess, maturally reverts to',itini,- wao. le, haphatically .dentotelisated, a''jii'dtilfor the ~.oppronted ; irons hicinveice we may cent:.lidently ltsfec that aliases soll44nsint, when the soulof grin sheltenjoy, issreuossapi, *lilt their fellow:a itbjectv,, the adesaissgo qt- freadoio; .s h ill :portip:,pate esysailiist tbnierikthet andtliat;ti,;liki:sl;„,iiith are note, -contrary t0.""41f. stitv'tirttlitett,policy,. unjaitly withheld; itiv • '..r •i i uri ,014.0 these can islyrsieltiiiiiltietisinifs tbnith. •why, haring no interest to .prointite bat' that ,oc.hoinalt..stature in gcneral, vies; the state of 14,4land with an unwrejediced eist;lraith:-aaimercy, the justice, and the 'goodness olk•the",0.401,46,45,[1814],1813,1813,1811,4,3,3,1
654,1803,2194,"on fire, and thereby an infinity'al buildingsin short from the 11,0 wind,and the excessivediyncss of the. season, it is ,ifoliossibit to say. whathave hen the consequences. it is.but. jos-, lice to say, •tharthe cictzer6 are very, much in.debted to the officers and buldiera of the garrison,and to the party of the 4.tst regiment.(whomilichedinto town dating the cunflagiatio) for 'their kindand timely assistance. every detotioion'of per!.'ions seemed animated with a ale..ire of. exertion, tautthe verv.exemplary conduct of mr. ga-8-14.t it roy,ph') lives at a distance irons either town or 541141165,was beyond expression kind and humane., lie con.&lilting his own horse and",0.4834,58,44,[1810],1810,1807,1807,7,7,4,4
655,1813,2647,"heys,_' at ttretee ' ...1 *. ' • ea .. • 'bele* -wok,. t,0..,,, imiilc - -amitihmilluk. ripiie id brailyi litfitttepreperty of john ror) . loli4"" :•i*-"" . a 41 mg 204 1110;tirgri oise • ,• ~•soon& tars c• . • illsoster-rows lemke; tied 4/obi rites'aferwiele.4l-'• „.. "" 1 ji *moo. esq. of,lbeselete-balfeld ,'r dmisiedd-:-cild ' • ,ed, op'.jal y' ilahim: dhloaaribmetbenireallito.tte.; olt dithleaik*-.-1 - ""- • '~'vasco-un .„_ ___. .-- :j -- - ' - elettle4l -7,11"" vt ;'' hi a meld selection of bots‘ pewicalarly a npneflrs • •• 2i.iii_r6sametlime, , •a person lies =wi goo4smtaleutif . i.",0.3407,54,16,[1814],1813,1813,1814,1,0,0,1
656,1814,2647,". „if ed,""1,,, ilikarirmopt ppm"" ,or bs; ot.:,f.,1 eli....ilitifiii.... 4;,;. ...., . , 4 ..0., -ci . alb, 4t•• .•vii orivibiumllikolive,:asaii& •.., .• . 't-• the dibt prov **pipit ,slilat . estate by 01,,urvir' . l-- ./!, 7(111 tine aptioi .' •.-kniwit voiefet-i.-rt , •.,) a444"".2• 144. kisitiffintis indtti. until 'til?ey amid have received; ' ""'wo` wen hytosieitiirchli'llif . *ilth-' asirutillig' ill -miwraou. snovnit. that ativeliiiessliiii4oop4, ntnifotwiewasietti, .v.pitid• ow' *lke bt• the . said sent :11°, ""est:~.thahlenitthit ms** isiii;,prweehliii!:€444iiiii,""r4 .•for timings ..ssi.ilian.4,olo -1410e""40.**11""4$ et 4140,114112..1.10d.. *mete otheyvisad •• so deptriltid ' tesflii,4lr•iti e,. "" ''': ' ' '' ' '",0.2817,53,34,[1814],1813,1814,1813,0,1,0,1
657,1818,2194,"fluiiihay, wnt, spoken with 9th feuruary, 10, j•lung. 79. e. all well.111 il d june 2.4.—saiivil last et'eiilor4. scltbet%yid) packet, cayttnint stopples, with a mail atefor waterford. sailed alsu the 'eurtoise lighter. s'''tcol:sti,joirmo pchibro'i;e yard fur plymouth, with a tilianhcrvessels.—arriveti the auld:mil pa.:let. c:iptaio storka omit :tad pa,sengers from witten-told. c.:1) ,de.1 i, 1. —sailed last ;night the firelin;littglie,, with the mail fur waterford, am"". this e' nutspoaleicester, captaio steele, will sail with the ,f lyx `iarrival 1.14-re from loodon.—ltemaiii, the li.ebecc3:i.,,dlcwmouth; frienth, tor cork; lloyd, fur •,and llenriltta, fur chepstow.ststrrtwe have great satisfaction in a,:tigthat the roll is now",0.4116,11,55,[1805],1805,1811,1816,13,13,7,2
658,1813,2647,"*sr;olitlar ' , sporting' i ,tei.liqsnce... .- • .ai and to parliamentary influence, wilihout possessing credible, that le.enepouth..q'or the cempatin. is oil'y.; 110'appohlbattrit td- he 1.' ~..._ a the 1 wales, audeasake•lealest.linuaws•-cousief pastry, royal; . ~., -• . - . --.40...--, • , •.)which, like a flower cut down with 41tet scythe, they so old) we.otzliss3d.cacadorea, r(ewmottket• july meering, [MASK]....neale on eroooolitiaslpaugetr. ~--. f the '!i '' ' ' •..'.•l• til should have passed 'the datrovr, enii., 01.1 ;....wither in a moment. yet that paperhas the luso-ttiltatedat jowl& •ebro, •.takes ..uasemance, 9 ...'.'7,74-77 soce.m 11 i tan order or dm",0.4603,44,40,[1810],1814,1814,1814,3,1,1,1
659,1809,2194,"william aild.l-liallt.o p halt t, oi ntaricly*ster, cot-, itm-mantii.ictilio. 1 -tioillijrr, :sic of !1-i.tollili.*, uiasilif4atir:r.atic4iith kidtlicstotir.r,t3i wilitdcitipe i, .\1,40.1,1“,bitcr. • , ""c lw' i( lacki i, of ile r'n%{;nicer,,- cir,tv:r. • •itictuitsl courulitthe yvutitir,'.iite et great.p.,11;tner:;(111) 1:lecsiti a. 1.1 ti ly±tl64l4,ek. i11,t141',.t: • .i• ;149w/if/'_ . • • s .41v• r .40r e '4. rt.loht . l.*tactursrb.,gri#l4 ;jo cc). kvotc;r•jalit*, l'cwcr.trect,1 f.'lsm,,:lrai:-.1 it'. a.. fluti'stei.,:, 1:11e..-,1•4e,c.""?!•441 .*° alt or .i.ll. ju.nx 13.tived - t 1),: p:r.;,:;vcrj4 tihttisy,bert' and essoall:, :!ihod, sod ti,""});14047!.hithhk3.a.l4.l4.a.lgita ; tr,pitba ; itorikcm, ~watt,, in in isgst,, anti'i)the klorat ifq)ll',""44f4ll;frt-ittatio.falt4- , 'tot 1\1j:1 `.!14, '11:11•;4betiv,y, :liston, tur.",0.2846,56,12,[1814],1813,1813,1813,5,4,4,4
660,1813,2194,".:j . : :.1: : : ::: . i. e.n.n. dividedioatutdoosold ini ••. in' "" ..!ai itl4, iiiid ~,`,""4,,1 ''' ""1.6111 lotitery ' touitsis of , only -00 u;et' 'o'r4, .... 4 0,,,, ..,•...... p.. • • .... ~ ', .......... ' 5 000 i'ii : ....... is 1: : : / :f())110 00 ... .... ' ......... ..4,10004 „.. ..... , • 600 . ........ ""• • • 3.;""if , ,..,""41 $ ii 9 (if icka ,„ 114 ' .. • 1lite' ...... •i • • ku ' ......... .. . 2,000a t.: t,_..e 4• „ .................... 1 400p",0.2816,22,47,[1813],1860,1855,1813,0,47,42,0
661,1815,2647,"- britidi1, argent, and in a* ench, •which has spokes with ellingi• light hiltinteteotiti.neliesitzettbi4inilaseirweah:i ceihthieiwflowed:::et4:.liplt..he,teitaire-degirealerlijiis 7t/ ind.lo pftl,„ nr.s. ailiii,tio-oa /6""4""11""; the trialril.""pe 'alm. dtfeace 91 w odestdiptilas. paver/ mary 9 .tiitil if 4) pm*me pleirtf; thistiattlf,;,'... .elates kbut *a tour: ' a taoisatitti:il'e 4144'44. town t'ti,their needier 4.! esti- tetday •nit :gatti :4'4°l'n • coonsnot tii, •katiritlirb#t.""l: duoi% piild,:tisskitwele!if‘l„ or etra4iknijiit3osenr., .adectii(414110tti0 the 014 ' t tone.~... ado. 4gome•flasago. *46 neii'ig‘iiitiiiitt • l'i-1""' pointedifcelled '••th s iffifott , engtilh. .. • i , ..:, • reset thesofdteh-ii: at pre• er it. at thill'lld:4liteethi:itlyziz:stneefnet:t.foaosfrig..cribtpl:,...,.l•:::: '~.1.414:1.:e.:""..e.1141:1.0.:!vi11:aba4;.e_11.if",0.4565,0,53,[1814],1814,1814,1814,1,1,1,1
662,1811,2194,"has left thrqe daughter', lli,j/1,2444.n,...'41holliday, lady louisa :itodney,""?.llo,l tal!el"",,igh:gev'rs'rlesitbiti3:l:u;osll:,4.rickljorj.,(4rbest. '.l:lke countess's fattier ilieur,j.:eenorl%ofore her, soon pfrer the duke of 'outel, dio""whose. will he was a, legatee 10,1. , il""pooridg.. . her bolo ill. joilher ladyship, it is said, bad t ant,'4l •i a .),ties, but those we commit 10 'ls'"" ,ive pilli.toilhoppy'to give pleasure, but nevetitii..,,,ost odpthe earl survib ea her, end reui7seat, belot], near beltinglass, irjsnu~. . ano'lilricith.' 0001.0'on the 6th init. at itichinotai, the • eo,link, esq. via son. . • onot :caqict ', ~the sumo dity• the lady of christ r0, 00' ash grove,vesterdav, in great geory,ejstreer",0.4519,37,6,[1814],1814,1813,1811,3,3,2,0
663,1813,2647,"irtiiii..bi,ains. are prevented from breaking, anditelt,teretnentink 'tithing kwbutily removed by av liite-avap44,49bence of mustard, universally esteemedfat its eitrasitdlanry'lttlreacyln. ithehainthints; pal6ies. goutyti.q -end coutplaitus of the ptanuseh ; but where thisernaki remedy has been unknown, or negleelett, and the chil-itioliniltive;neshairt lithke; falvilly ce-iijat f. will ease tlu paig, and very speedily bent firm.prepared and tool() by •r. jihuiron,'apstikeertry. 11, g,reek-street, london; the mimic!, aqkpillo ut it. 9d. reek -t,hesu is, lid. suld by every medicine yeaaer to thekingdoms. "" • ' •-••• • • i. •,, • . • ""-tep the genuine ham a black ink stamp, with the sawof bt.johnston,",0.3884,3,38,[1813],1801,1801,1813,0,12,12,0
664,1813,2194,"branishes of anatomy. surgery, the theory aflapradice t t phyie, chemistry, rnittwilery, botany, arc. 14""by those eirthunit professors, ors. munro, gregory, mask,lituniltiln. duncan atal rutherford. we trust we shall nutbe:le:ruled lift:sumptuous in saying that our proficiency .1,114acquirements an- not inconsiderable. having fur a long semi.of years mule venereal complaints, anti the various disonxitet the 'particular objelitot otir studies and poelicelit w'. he 411,, that.walio,e aivtireti.itoqiiritait nci.i;jecige of their tre_it went and cure. in slight and fue,t.cases of infection a perfect re-est,dilislitnent is completed illrhe short period or two days ; arid in those of the litraostvetvr.iey, -where other prat fitionern",0.4568,7,32,[1812],1810,1812,1809,1,3,1,4
665,1811,2194,"oat - --r,zss„a 345 4,0 s1:,,t-y , ..,...,.,s3s a 595 1',...t.w,l tlitto .. 44i a 445:0,,a,, ;... ,r--.., los a ,97.;. , pot“l,,cffitto .. 4ii ;% 41,,t. .""'lttet-'42ast-bgllcrs'9.).s it. gib ' rittpc, s4cti'.4.. . 541. k ,$bl.1, :r4 dill& . . sg.s a 63s fine [aptly - . tut,4 a igssi, . ~,, - .. nis a êss stiontir..---4--.' 951 a jossvtut42.1'frrl`'4 /'iv",0.4239,10,49,[1814],1813,1813,1805,3,2,2,6
666,1817,2194,"thest4indontavern', bisholiicate-.kii42lll,94thhl conj'e house, unigate-hill,uno,.fourz archthat,'le the i r.:th instant.• ...~...44kutubttruf connii ty"" ' .~....,..' .b.la, nl^ k b welet! c..ecrctlry.',,,,',,,,r1 •4"" • a. .d.' ' .9 •., ' 4'.' in % ----------------:•—.ph. ,n pothshriti in tivo. price ili. gil. •appiim;',,plsent state of p.o 'ili cn11t,,11'..-glar4olin murray, albemarle...strcet• •h., :11ii thy . .""01';;h„.. ',l,'""'4 poblished, in oro, price gs, buards,ifilviii:1:111t deslgni, by 'l'. stotiqrd, ii a. and ;n-itl'r,n, ' ""nile' cooke, c. heath, and \v. 11. lorth-c.i'n'ivr ' . . . ,4 r.,:. .'' of christian prayers'kx;llhttp,;„i!;,,ll,,pe, and t. harity i with a morniisr and14.,\'4ldsjr,.thirst an eei,►""•,... .. 'in ci).",0.2749,41,40,[1814],1813,1813,1813,3,4,4,4
667,1813,2647,"mho• eseminedesery pen ad ieqmir. . ' ir;asswa *no 4c0me.440111 ilciplile: comit it.spy. ioci .;firki awl 1,4.• . . to! filt: . made it.-the pens were aftoreardo sold by400 ,t:atila.,___atrielopoir4..takiwhit......iumeit,4,day .0this.ipli_411.. 4 . . tei, , .,o,ippsealkilt•tdenritkln illy.. at auction, authe 'green dragon, where the bet had7010714i1d , 'did)* otetabliglsllsd; altrtip44:lo.4l;lorivile,l4los it gegliiirtdotra itqlf, ••:'• .i, 41.11, 10.110poillt ~..,. 4141iniuliestei of int...i; gain decidm,rpitoprils . '' qiegabiwi... .4iiii .....,avirits• . , . `kairalle l'lsietithr i ,tlrh ninon of an itlditionat charger of tile hits';140110 spilotorritosei : swedish rtes n, ups chostp ity alts, • of -""'w _.`ol.""':""lr .. ..,, ..",0.2855,10,7,[1813],1814,1813,1813,0,1,0,0
668,1804,2194,"private, expeditiously and elegantly.'piano forte and harp taught.schools and families in town, and within ill milt!, pune-tlially attended, and systematically inst:ueled hi every peful,elegant and finished part of modern dancing and music..ladies and centienten of respeetability, coining tloni thecpuntly tc, le4m, oiliccrs. foreigners, and all who wish to/flake extreme rapid progress, may have apartments andboard in the house, with constant instruttion till perfect,which this way takeaa.very short tintcuracy.],anted, a• curacy, with residence in.v the parsonage house in a healthy air neat the sea.' ler 'dry i liativn within 7,, miles sitontir,n,. in exchange fortile in a pleasant village, situate nine",0.4499,47,38,[1815],1810,1809,1809,11,6,5,5
669,1814,2647,"f iel .if • . ..•• ' 0. ' • • , • ,* ..'•q447•1 • -- , .• :i'• . ..t.*: :•..• . . -. • ~. - •,,-,, . t.. • • , • / ..* .• - . • , . .• - .• - .s -•-,• . .. t, , • '42 _ •• . .3•11w.m.1e ''..-,_ _.-- . :,_,, _ ~; . +.0.c.-4.:: ','4 . ,.. ••-• ,~4",0.2843,7,7,[1814],1814,1814,1847,0,0,0,33
670,1813,2647,"in commander wall displayed.nd none of thole cit... was eilightratilleatioi for tilt iloime to know, thatstool now upon 'higher rounds otestimatien,than it which the whole country' was with istterested, be cumsteneee which had led teethe present victory had if their liberality had beee extended on a lager'did in the battle: 'of • vimiera. -ina success of . the did not wish to brill forward any thing to interfere , escaped him (lord wellington). at that time. he seek than formerly,' the fritits of their munificencetritish arins weald also, in another point of view with that: :he however wished toteltwthis•oporeu. i",0.4566,32,55,[1813],1813,1810,1810,0,0,3,3
671,1813,2647,"the waid?-11as it an and on the blemish main, and hie cemilellienalleib - 'ter."" a more audacious calumny never was ad. *,‘,.. •os futisti,lll..atalw._te the """"61,_""1.°"", wilkli__ll *ppp - to heat its bloody ben.:' derabledepredations on our ciimmeree, nig tlielt '.rented; and we suspect, that his royal 114611111111 -' , l""4lritil.rt point la the writer'! :rata- osiy. eat air ion of emerity irhen tin. itipains *ad has returned to planes veil ilitiri. .' ••.. it toc. pews . of certain "" para. •will not feel himself much indeistodll 111/ allibaullf • - - vir 4iii ta ha . . ,",0.4483,57,2,[1814],1813,1813,1814,1,0,0,1
672,1805,2194,". osinta.,.:w-40•n5,1.1b-, . , ~it itcouiltry with 'till his tinnily ; 'and atsp:ottiag tp.,.ipl'llt.was laid:to rob it, thev crave fit fottifatitust64 t°,t'',''01;q:ci: .'i and 'stc,tiitoii,t-,,,-o ottcvl*,g---0,309eololitil4ly pl,tca itt ilie hotiits, arrerdlitiriori-•''.ald plods, and abottt ii%e ocrol'itl\l'ito""l-1-• 411.• ang they heard the n 015...!, outside the stiiil,,,,.. _ t -h, a''spine perpons 'endeirefititi:,!,to open it, w!""/„.et-a iir:f!le. of ten titillates, they elreoted:z, ' 11)ri et,ci.wiffig th!, ollit.--!r they ran otl; -010•!1/4;ie?.el 'l.l* ilitcri.otit.l,,nothout etl6l. :..p..'1.! iif ~...ertiptittlos, t, ~i:,pitio'a brick-tield, ‘v he.ie t iie.,, were itoppe,4o."": 410. p•itt(aly, they, 15r0.•,-.4 to i.,,, t'w,0104,p,1t2n.:,),ei.11aink.:-s et pr4c7or an-1 11.! „ ty. !4!±,t ii:(4,l„l;ritii?.!tre,e.l,(`):tii,flotpl).,..l,-.,.",0.2755,52,42,[1813],1813,1811,1811,8,8,6,6
673,1819,2647,"commenced sae awakeisar the worse: and with wham ea mew ear mooinfo a sagest wm ler reform 'bell go ? titeis absent.thoreau why the sootier' god fogialators of thetad meet disappreire of what the magistrates ofmsaltemer boa jae is, that they hare g ,ocarvemeia kind elan war &plat the people of foglia,.aping, their very geeet9eten and levant's, al*bad to that war. sod stomped on it, the amplest.*of • war of the 'bich against the poor. obornsoloosmortalsl will se warnings avail with yes ? as *samplestorrify yen ? it is at ace tarp/miss and lamentable,that eamples, helmet near animated, are thrownaway",0.4636,41,17,[1819],1819,1819,1819,0,0,0,0
674,1813,2647,"kiddersoladeir carpets; beak', tags;.labakiiiidalta are necked be doe contaillea. at the ‘^e, ""a 1 ler, and dipol4 gams ; comae: mirror t etteret, witio boal!lome tavern, between the boars of twelve and twat at oboy. loafer 4di jean!, sad tea tables ; ;booed beech chairs,bar ut the le tavern; at ilaygra 1 at )1e114; ""arriallaalt ca' g i with ensition tad title° curers.; valsablet and prirts'sqom. and, .o. $ saiith, payne. and &ala s roberti and co. t 1 maw birds ; headwee chew, gni set ; drrlowsg, podl'e• harries, and c.. $ coatis and owl lionaniettleys and 1 fatale,",0.3155,54,25,[1804],1804,1812,1812,9,9,1,1
675,1829,2646,"can basten.their.militery operation}. '!bedew crva uoveransaat ‘shnos the -greatest activity inthe organisationlif the. seeeral branches of the adesinis'iminden.it is saidin the tweprincipalitim. thet tkepiven, in'edit to remedy the scarcity oftoneb_desires to issueaarcosolicr..nedaolitits.km ibis purpose the per.sawa firths russian government.into* too -unwire firaks..paltlo..arms.,l••• a correspondent at vienna writes to us arfollewssfer sonar time past we have heard of theist rival atconstantinople of a great number of .english led ger..,man officers. with a clew to engage in the military seri'ice of the asitur. .1 have.kutheen idolised freenanestlisikaoeree. that in homier, german olßeetalsamtasked so bermerployed in she ter kish army. but thatthey had",0.4096,28,27,[1813],1813,1813,1855,16,16,16,26
676,1806,2646,"mild var. .• . 01l i'.. .curdy be rimed • the. aas cartled the at& ith• . ~_l, , r.,... ~,r, a, gr, 1 .` . *vie ""' . ° ' • e.. r .i,•etwry at to hit% • , „., 'lt was a wi& exprwed. v ,„,x,tl;. ,~ .~ ,4..•, i.. . . . .by the hooornibli.t' .' .• an near the castoff**. pea _ „ 't .0v1,140 • , . ~ ~,,.., ~...!, ~it,.... sr • (wo - .meld of hicf •~ •.7he stay &mild coofta , a „, 4,..i., • .'o♦ l't'°t'l ' "" f*ole.min who iota",0.3549,45,41,[1814],1814,1814,1804,8,8,8,2
677,1813,2194,"• nielu-1' .•or -,' ' /1 moat if. itumance, tmilcd -),lt (e,~ti11:a,1,,a.1.)d1.1 ;(,)?0 t&., „, ~,,e,11,,y4, 4 , .., on:a:ai-ev i.: lamp.~e, , 1441.1.i.,,t,;,,,a.t.ciiiiici y; 1re•,,,e,, .e.' ail: eatir,ly newoi t'5., r4.:40,/,,.,;:.nx0iie6n1 itt. lira piuit. five :;c1.7,:i. to lie-,. . ""‘i'y 41 ni '.441 i ''?.ltantlttie ba~,,~., lmaice, ealied alathlin, or, the •pplta„iw:ilf. h% ~ctrl rec•-'l“,d w.,th the nioa onthit....,ti 1.,"" , `at,1 4e repeutea every- evening; till fortherii ! k eci,iii'llty will 1(ti, `, ei~, n... 'lt + , for , .. i ; . .tbey ~1 ._..,.. i,,d„,gti, i twuceo, tilt ur%t tulle, it new co-, if, :r",0.2547,38,44,[1813],1813,1813,1805,0,0,0,8
678,1823,2646,"pr. 18.._, ,'_i_-•.. i. :i. • bad i__.: :. •a person or...,tne nanientlimaetwort vp, wow""ftilly heard an a former clay, a,n4l ag whom it wasproved that he had..given an,undue p cc to a cre-.ditori was biought upfor jiidgmem, an; sentenced tobe confined for sheen ;ninths. _ . . . • •david evans was .opposed, on behalf. of *cure.timms and husband, curriera and; ifilds4!.riolit% forobtaining. goods under false, pretencel4t appeaied.thatthe insolvent got on credit .a quantity of leather fromthe opposing creditors to the: nalue,of .£64't and pre-tended at the time thas-a sum of £9ob was owing tohim. it was on the",0.4865,27,34,[1810],1810,1810,1810,13,13,13,13
679,1822,2647,"friday the newly-erected.tread mill fur site etnploymeat of peisosers in ourcounty lite, and hones of correction was, for the inttime, pat in motion. the prisoners performed the labourapparently well till monday se'nnight, at one- o'clock,when 3 mutinied and nfused.to go upon the wheels,stating they ma-t have rttra provisions and leather-bot-tom .shoes' or they could not perform the labour, theyconsidered confinement iu cells was all the punishmenttint awaited their disobedience, but in that idea theywere deceived ; the keepers and arsietaats were .enderthe necessity of baring recourse to arms and 'dudgeons,and compelled every man to go upon the wheel and pep;form",0.441,20,27,[1807],1807,1819,1816,15,15,3,6
680,1812,2647,"law on saw-day, • at twelve (""clerk, at the tap if cambridgecastle, amidst a surrounding sseemblige of at leasttwelve thousand spectators, it being the market-day.previous to damson's condemnation, end for a chtsor two dfter his conviction, he was warily and boitetous in the extreme ; but the unremitting and piousexhortations of the chaplain,' the rev. mr: pearee,....transformed him to a convert, 'and instilledinfo. his_mind those religious precepts, which alone- eat*him to meet his fate with a confidence of fdrevedeilin the next world. thi culprit spent his last days id`the fervency of prayer ; and; oti•the scaffkilk; he be.. •hayed with",0.4991,13,33,[1810],1807,1807,1807,2,5,5,5
681,1814,2647,"kw. lit•fl.ible 114 nli melt talist he of the ex• ' io put• wolioot brosuchorut' trade, and-taa-otetio aim „h,,,,,friebermr of welt (""dhow ietto hey.,4lirr their assistance:is revolt:4,ly 1 rule's, which have hitherto disfigured our houki of at il4milits• :....i,,caked suegepos of loudon. anti of the royal coiieje grialaysigt4veit 111"" re to the orldes orreld lifti: hyawe. ger. j.i.,tinhargh. in all cases of siphylltic infection, mid ht. every jou... tllicejt • 64.1e..iiii.laias or pebibi and, deucicibcy, whether mid from the iy. a k to to the a itovg, in tibia all the4exasiplesaseli.ottnation of a rerotiii destructive habit, long rt•smce in w.ans",0.3333,28,52,[1801],1813,1813,1813,13,1,1,1
682,1810,2647,". , ~ , v ° - • . • .-.. . "" • • •• : •k . • • • % , -/ : '\. •' 1 • \ i •.'lll op in. * •• •. i .1• ~ . . l • • • . •r, • ,* ••-..:04 -7:4-.. • - -16, • . 7 , . .•..- , . , _ilt. l . a44l' '''''. tiltnli - .• 4 '' • .il--; z . • ,. .. ....-....,. . . .~_ . •. . . ,•• • ••. •• , . ..i 2g2 • .",0.455,21,48,[1814],1814,1847,1847,4,4,37,37
683,1817,2194,",.. -',t i i'''''''''---'.*-* -"",—..______""*""""""""""••••••.......•••••••••,, ' .1.°""•=••""1""a""""""""""""''''''""'""""', '.' <7i..-„...___-<.l tonit7al' academy somerset-place.l'7 i it"" i%ihi iitton 'of 'the royal .acil~1 i:, ...)01rig now open.admisin, front eight o'clo,,f. . ,otatiii, nue nillg. catalogue (hie shilling.li, .....,___.........__11enry howard, ila. secretaryft ---..-----li sons op the clergy,,tim imiiearsa l of the music to be per~ ifi,„laniiet at the annivellsabx meetinc4' of th1,i1,-..ttrl'y will i), io the cathedral church of s 1~;..;;!<to-nloitßow, the 90th,' rind the anniversa it)"",,4"",1v1tb.,11' the 224 of may; when- a sermon wilt< b.144:1',11,et0e his royal !lig line%i the dot.'.: of kent, iv, .14;1,4 lord archhishop► of canterbury, their lordship""' :6,,mp1'01r,,, 41;0",0.3168,5,32,[1847],1850,1850,1850,30,33,33,33
684,1815,2194,"-stillscainion.t 1%, city of loiidoi! a\-ei li, nov. 2, t 815.aal in g lte iieneitalhod s'ass day,.4e i!-1l1!'•s von lonti, the chair,—• ,reasus , .1lut n„; es 1),„ 4turteu, i sat se atudustt,riptions received and todue at tiltscnof november, 14 11.2°1'9''7 4i.onts anuuii ies230,000, ressuevd.3 per c ent. annuities6w,./uu 3 eel slat! nee,' int esfed•t,.,,j...,,le.euirtnittee begs to req;..• i,.""ellois'.l,ittie• its the nev""..2,,.,loldind.wities, to """"1,•1.! only be 'advise.., itotl chureima, dens•t, s: the return of the sub-rcu chttrikei ;ma pariribes intte, by ibc t,ir:et•ce of he liing'sic earnest cuuveuience of ther,f , furth:. sulw4.1b4•it.tr • • ar.• #t')1t u `'f wrenti",0.4165,50,28,[1814],1813,1813,1815,1,2,2,0
685,1805,2194,"11,4 d noalternative but to discharge this tnan, tlupfather of a numerous family. it, however,that three of the a:fendeonts had bt,2;11,.vestanley to strike, on psis of their being repof i)committee of the' r ati e. strong a-flication 04:44made to the c,mrt, in behalf time deitodants, bythe prosecutor and the master io.d three of themwere discharged, ou eon,enting to re urn to theirwork, and promising out to molest the co:notatitlitutin future. the h ver, cowd nut letthe condud of si.oney pass with turyunit) ; and heswas commit ted to hard labour, in the linu‘e of col..rectian, fir seven days.thur,,day seni:ight as",0.4854,44,52,[1820],1811,1817,1817,15,6,12,12
686,1813,2647,"' 7 jelftv.atili.bitoritti fro not -el,.ki, q#4 *alfuß- .t sor n„ ,o,cm),:ky, -4. ~..•16, aevidence--a% f .4,-,fispb.ury4miktiore*kl4. ; distillit,.4li 11111111114•'p., a it nottlikly 'ask- '•ws. as4aractaseda.. 11 ostil:ll.7(hi 'flieran ing !1.,brandyfirs441 it _'tin to. in i tajtehrucc. -;lhrbe arritt. it hilayliitni,tf say.. _*hilt ennsump • s, 'airs of hszhicilar poisvcr..ntui.wtratuis.ner-ioes•coitipbtiost,.thually chafoclerist mciforiltyi el**. thissolitiri of persons languishowdwuter disorders ioriaent tosuch aluth?t, "" it trestuntist,lssik, tfitarthhis••-'alvafl!i.\•,,of •rantewe-inat .agaiait -41effthix peirtiorritlii •iteeisiy [tete., nt s; of • dams gesamerican aaaasit tottiktediabled. yigoor •. and suppnieh 404 lit ek•iikneeity asataisati. bt.ch* 'bv#rliovriug ofotif irisse_lis hod beep taken eondeoinod 'arid bullied, the rivers. olthe",0.2407,39,46,[1814],1813,1814,1814,1,0,1,1
687,1802,2646,"wow amides tarthe watching smfao,fis oillogtelkieerise varietyany era raved to tie* atw (*ace felt:oen afar melt rue,vainaide, andemoses lino komtighterbab theetimportations to we panodolwdedgf dal l:=ofwhich, with an other articles bs their tteirdisds they ere aonvineed that will give iheisidban.plusses—they have shrive toady 1101 orpotmode fn the moft lifhlomble tommer.i.'hey waif° conks* midair hval pa ..° /1""pip118:*7articles of notice, as loan as introduce/ among their late ar-rivals from thence is an elegant vuiety et heel jewellery._nub ofllimentel pulse foe the chinseny-pinee. table, ate.""rat rich braids"", dinner, and tieltert keel dower puttsporcdain, train the left biasofoitaneo, and a oompleatkruse/ of perfumes'''.lulu",0.4858,25,34,[1803],1819,1850,1806,1,17,48,4
688,1819,2646,"miller' .4..• • • . 41""t .eolin abbey ; a novel.-by a4a)1141,1,....___.._ j. - a now et odd of may whiteine pehert hi hee - ,urittbeir.4l...adversrer am...tow:6m..a.,/,,. .., • :it :. dissolvtioaiifigaritiigreilips„ - \.1.41 fanu, arthur of • strathailan,' ands heim ooneeloil)oa the htter. it lenthe inputs a liesemmi ' • °""°''''""*. lihe oust eovo.• o• senoovn, 1/111; lbei* ,j. and p. iderrlm. re winne • sodhilted for loogn an, hurst, nees, orme, au=val..loolisliiil *deem to the ions; to the breath shi most am•nftbmertentne,* t't //11011smdih ...., a._ be b•dj abgbet tbetirb ' a )wks, tetqleelo . , ..i'd perry",0.3882,2,16,[1814],1814,1860,1860,5,5,41,41
689,1815,2646,"ropers contain various' reediting nrifial! by: the late atterin.' • tbe :c.ditdoniar :cailtistitiiatip,l front sunk a mcrigst.trtidx timbes,7waialillitiod on the 'atli ultimo, in. lehibbccla•beklpte4heitynalat the shannon ; alidt• to *the ssgrace of30iegiatiim.of that part of ilk country, the 'unfatu-:flute crew were fired upon for.thrtedintirs by-seliia'4,6 of armed desperadnes, whose ,intentiotwiewel.:client!), was to plunder trox vesioll after ilkiliilll4lollll',wit*. we are happy to !tarsi that thejituttrtiwojetipitlaii ititei' without any losi.': . *-„,..... , ov.t canse of' the vets great salt -4 tieleten luaß'mares in the •present lottery is, thloniteor.fitheitr va..'los tlwr.r,ublic hitt in flap last; .darotticie of the ow.091 troetstheog bold 1...90‘",0.4713,26,46,[1801],1801,1801,1813,14,14,14,2
690,1813,2647,"• • •et.r,44lazi, n ce....anir, and a partoppips ipied,sauitinflt es mi„,s 11,•nger. /*pl.. limn. prier 11...birirdr. .... chn qes•rvii•••• l'ilrl r'ofiki•011106464fadsfir 111)411villow• $: v.'. ilor being writ '''""cked. *""4,g*""""!* ry'n ?.. tug cup,or.e4tud hicaugeitei, u cansish tiefte. ... .t.` .. ~ iiepasti, ~t.4''' - !' 6• '-ill'e ,akie ' 4f. §toarri have received din ex [wes , front itur• mid ~•i4' dr arietilimeh .4 'l4,tlra- hat park of fik itswalit• is the i it, 16,3 ?4,4 r., ai 9 wik. f ..,.,r, fee51..b,...ex..,7 iit ,iworii• ""am,' 'ltiiii ; 41iiivrym±aiii; waivadr...l' to %,..,jv perafir itia. /p. arf the lake this evetting,_3oo",0.2678,56,31,[1814],1814,1814,1814,1,1,1,1
691,1805,2194,"tit; 0.c,,c,,4,,,, ,- . 'with ()ttices, ataw.e.s • ' , ,vo„di1) ;1r1ti,,,""1: 90 .acresut w hill), ttigz.ther with --'v' '‘'. , 04;4,litis.'lett isittilciatrig the time, ul the yl..rly value 0;li't 'tcti 3'3"" • 'i, litt4.l. ut lit untl:lnovill 411..tw. the prend.,e,„tri p4t041(1 li 4 ralcu i.kr:; may- be 11,,a of rile printers or °'c ()x.:tlv44},i at 41,14'1ytt3 t at the prit+cii),l i ans .00 ihe viest.e..7lti 01 7.`li (kuhl's.' an-i 'otis, london* i ""'i 4.,t ng.' 114 ""i‘ct ill $441141) • ' 'ill ite4t fir thf sale orttly, wau a. , igilltib4il g130 ii c rdon u•erd, bon• l,4,1latact-.1;atlitira""1110041iptritimci .",0.3523,42,52,[1814],1813,1813,1805,9,8,8,0
692,1818,2647,"se cold t• a.% atthenlovassilnsch, *c. bdiolodlgittbrilld bile or nihercrudities seethed in the .inteitinyat demi .it bat all noes safe,and hoe been given with siaolargend erect airing pregnancy.to wrenn of bilious isoliiinommlabasimsf -soleotary ares, .whnnor sabieci tetras's nod egatooloss, bomdfarlo, !anions., andgiddiness, or isisise fif wi,litistribl ise, erre:bon ibis medicine-it lisineoily eikoitsled, being- ittinipiord at or aim innneent.fairedients. ittiarictlairtaprieielser twolintoseat une restraint ofdiets. for which it has maintained for twiny years, the highest-pahl* revelation tbal was ever acquired by any meqicuein baholdr. .ter. rye there amino kinds of dr. bnerbafts4's red.itrphi. racked no. 4, .are ,a 'different ca and inpositign.",0.4497,3,11,[1801],1803,1812,1812,17,15,6,6
693,1813,2194,"• worrciaset ; on the gro.mti ht.pry ,is au i:x.,celient well-proportionrd diiiing-parloal , basis-parlonr, li-brary, dresitinr-room, and taster-closei, and a larger en-trance-hall, with handsome stone stairease, secondary stair-case, ailtable 11,,,1-thamlieri, dressini-roonis ; and apartmentsfor sera. r: to on inc upper. stories ; excellent domestic rilliteio 'ofeve. 6 - description, goog collaring and immediate access totw-o coach-houses a d stribliiii; fete roar horses. . ....gfirand-""tent of only .2.41. per annum.-,to be viewed .iv 'pickets, which may he had, with printedparticulars, of 111essts.smitir and rickards, solicitors, ilu.-sing-hail-street ; and of 11,1,,5,k-s. ,liiiiner, tuchie, and forrest,alden:gate-street.just published, price 83.additional ler.rerus, in answer to",0.4556,29,40,[1812],1810,1809,1810,1,3,4,3
694,1805,2194,"asst2'47, gl prize oft3n,ooogf .61;1 . - ."",z3f . 20-.0 12,391 •- t,4.9°9g 4 - 19, to -2. c?5f,434 soto 164 t ')200 24671 "" 503 27,749 . 2.1v0cc, jo •• 618, s of (tmot 342, 13, ug 67, • each.• r .li dli iil 1 lig.c ross,~ 52, t1404%,sis'` hi aitk ; ar i,„ i""s 111 1.14,.10 lt(aig.11.1•the ti 4 ' i' 1/1' 3114 co. resocnaitilly . acquault.t.;ev‘,4,',,ht:tu'l'ity) cern ry and th.• t'ff bile in gener4l*.lit ""11.ejt4.;4:0,ty „insihiti4 wins ill li( i:.:t.s and s.iiare , 1,!11,1' fcr 0itl4e stilt ,11h,er$, aifd :ft tne 'lowest p,tices) at cl0.!..11,40 ' ..(litc.ry",0.2648,51,12,[1814],1813,1805,1805,9,8,0,0
695,1819,2647,"plate moo the object. the de-fendant, is the irritated state of his feelings, mot thepresenter m • soatket day is setibery, sod withoutsay previon latimetim, palled him moleotly by ownest. the prosecater attempted to delved immowith his welkin stick, which, however was entedndioat of hk hood, and brakes win his mad. a wet.lag of s difereat ileesriptiei woe afterwards proposedby the prosecutor, which, however, was duelled bythe weirdest.thomsen owe of the priatipal dreewstasees ofthe saw, sadthe cowry stained the ds/sedan to pay a 100lo the lag 11001. sod that he amid be imprimsedarstli the foe was paid.irditious publications.11l sum v.",0.4482,38,33,[1819],1819,1856,1819,0,0,37,0
696,1809,2194,"141 r. todd, of 1-arcet ;or of wilamcrtiem, esq: limolnts-inti-tields, londen.--'ehe 'tenalintswill ;skew the premises.•grand scheme,•with only 18,coo ti ckets tot sale, containing4 .prizes of - - c20,0c0 6 prizes or . . ~ poo°ia -~. -.- 10,000 to .. '.. . - sao2 . . . ... . 5,0c0 20 : ..• .and othtrs, as usual, at sol. ail. sc. besides a grandpik i 4 l at tooo who l e ticke t's, for the first day, 'and 4another at ,00 wll of, e tickets, tor the secondday.!qvvift and co. hog leave to recommend theil.) scheme of the present",0.4805,35,42,[1814],1808,1805,1807,5,1,4,2
697,1807,2194,"g ', pit to ann..15ank.t. ann. i 7 i . • c.n. tut 26,tit nov.' 63 i iditto shoct ann; ...., • -•r: - :• ' . )high water at ,lc* n 'bridge, to-mop.•",0.495,42,29,[1814],1814,1814,1813,7,7,7,6
698,1810,2647,"xpendeil it;sobsrit . i 'fbild *n.riefitl repairs ; comprisiug spacious front,bat , ad4o/4.swier wareinstrists.ertending to and coming :i etkis.,i mumeation o it:it roney-lane market 1 eseellent.dipitig, craw-.t.. i!tk a!lst liell,frkrins,'and celliring: reid for an yr* spired terns ‘utthirtmutv,ears and a quarter (wanting tea days), (mm mi•kebnelin ts hist. at a inodernte item. -1. at !be sine' time will iie..tiokt two. pt pes of west 1linisia •maeif.iia wine. lying nt the west india ditekrs.;i ' 'the' pretaisesto tie viewed until the sale and the winetar1 . ;be tristed,ou the mooting of. gale, ..uslien t:artieribus marl*baj rib rie'prern itift ; at the",0.4599,44,44,[1801],1803,1803,1814,9,7,7,4
699,1822,2647,"jewtioa-..i •- • e..., &mod at :• •.ia.: l' . '-iii• 4111411111b1141er elating the !sir ef• she ame 40 4110 idely egelltdat i.' wwwfidarahls , eatfcha1 41 •41 sisal • lasi,leik lwesi .... .e4l4(t • ' •151, visa not seoviet tor the capital elfear.e• a,filirth they believed12 • deliviteeoloo (011#7019g lobo, issoi firse, *bat the.peisooor had vet met eflate pelee'1 i ' ... .. ,eliiip#4 :',..i.t ~„,. , ..,,, ~. ie,; rave ,•., •• . pilots; secoadly, [bat he had aimed 9. blew. plaids. ieil .....11aadeliamisia-. weladoalessattbiweithidellgoiskilobitise the event of ito fatal termination. would have whirr]1 1 p :nethoitatiritthreidt at",0.4202,9,39,[1819],1819,1819,1819,3,3,3,3
700,1821,2647,"wit -7.--,- , . a.; intsit perused to earl e 611,1taty . -tye itt.' ..mmwas a mere adjoitrpinest if that of the 9th. the lien. iipeeithonalthietthe; . it . -itily it iniitiii member here at considerable length referred to ounie- the givii hies mi• i . 1,,,. no • . . ialele'sh ""saw ""1 roue depositions inade.before the magistrates, these mselioneto mime dos ' fitflis: • 11111hbr'pt- caste kssi• were made iu general by persons resident in ambits- the ',temple a me"" . • dhopis - ' ,'11167.stiee. epuo toe and its vicinity. digressed the plaiikattrort ~ 4 fismakis.,. 4'the",0.4477,29,40,[1814],1814,1814,1814,7,7,7,7
701,1811,2194,"itiii.s trulo.t!,4 noles from f.;“-ter.;'.eomprestlig' a oicu.k..l)olll..),rtlltiti, tseil. t)11111 ivlatlsl.4l, w ill01 cur', iiriqt,tpßoo nod ht tor t -tiou of 'alarge. tifinily. v 1 1 tli shrubbcrie.?,stablingm xisark., tkialtlythrivitt, oaha. •i . 2h; /2: of 1..i:;t1 #xratiie„h sitit:t!)le..hiiirf'..lvt&o....s,..l,l 13 it, id.in'pa3,,t -10'0134.tho,ovatititol wi v.:i- lir.)lc,itto;;cog titrolaw,h th...!4r,e;t/vr ofor witil::( atid apply tomessrs.ltinit,h; k.oilcrtcoolw411; or i,i g-st.atiioa„ i 1t.40.his oftkei 1i... sl£.tit.stewillif,' at chtithicigh'.. who :;:iiew,tprinted p.uttichlars list!,!!at 4.lpt4ttple) s,etli ,11,0lit,);i, i, mo vt~qr;)wo6 ti, the no: ta, t 11.:v(itt ; i thush \ 1111;_! • tirav4tii; isrl toi ; !!;lets imothot,n.ll, iii(opstak;ro4l,iiirt ut .tug /'414.114*4-01.olit:y ;stay be.left cm nlutlkagtt of",0.4107,19,43,[1813],1813,1813,1805,2,2,2,6
702,1807,2194,"new uni-urn: \'t:urti by (ir; litter. the linizary laietit6o farto l'eproit h the gp. skionior. '11)e 0.41-maim-' dant-of the-eaßtle, hearing--of this, gaffe the japizarya 50,,c,r,(1 r.epriinand a bloody eolith& itontediatelycoatmenred, in which the commandant fell. thethen turned their rage against-mkt-mudififitle4hl; who wziii lti:1, ertc,nlit in t rft.ls;titid latelythey pur‘uea bhnto the opposite shore, and massa( red nujalc-, dere, 10,.....,e1hr v. it h hi, secretary and two domestics.'111"",'4,t;(11-trt. 7vl:tv. they made theit.appearancegran° setttnott tint onlyrah!, tip-ul ;at, ampesty, but also continued theiract. or ait ati their chi, f. c.71711nn weredkvii..ict,fo,trparbably- intentictl1,•.-t. (;); 10y.ty,:,,0n tileuivi_:,;(:;‘)t) tts4.uthit.:i trti ; tmitatitnt,onl th,'ln.itilto, i,,t4ii‘it of",0.4863,62,35,[1813],1813,1811,1811,6,6,4,4
703,1815,2647,"subscriptintss inn. snow-ii'be hest accommodating' loare requested to be addressed to the committee at the . opitins. and moderate chnigcie*. tif 1.• futon tavern. the foll“wing post courtly-, 0 sn'orrli t le are received at islasd's*.r.t the city ~f loudon i„e.s .i.tm.e.„.6 if„line sip,twice. , hill iiv all the hankers of the meiropioi..a ..se.. f sonscriptions already adversoed xi 7,651 its.. ['ravelling from libd. .-- .- twent9 -roi. w. a. a idaaie ets3 3• m. and j. lures *ad incarli.e., si aeleatoc, i co..c3l 10 the um pir e.* itew lien••.,and nisi kills 31 10 c. and a. bird 0",0.4834,31,34,[1814],1814,1814,1814,1,1,1,1
704,1811,2194,"the sue,ety's~nti ptf,,,,:, • . - •441paiu 4... '' ""'a f"".'t fttlffnuof heft/tit t itvtll o*clo.ck '; ~,,4r4,44~ .1' t irriagres ~re desited it, sot down %%i.; h i•• 0,loari;tl4 tf""taf,t, inekinginon.-etreet, and the larriageoutty ittrtiert iti•lei al* tiie,tetritce. • ' ' •!.,. i )(der, .eiiiii,ai.es‘tayloi:, m.d. t',.....:.14)`i°, —._____ 1. '\ ..d i nul kieni)ent li vi: i, i"" '' ) e i• "" 1.'1""ataktf •.. . ii)n.lii inc of thiemeral crl ).,ikiitte f., heldif 11., • ~a1t1,„,,,,n.t' . i i,4vertt, en al wit), tiic., 6iii instant... .• itt, i hltrislopfll it smi ru, l.,.:1. is in: l hail ;~..,,",0.2731,1,28,[1814],1813,1813,1813,3,2,2,2
705,1811,2194,"101'ritiarevc4; ot zl►.o pi4ce to .i'here • f urpe, rl.ool 'l3"" l'. peeer wow ''•.-'4 4' i . dgkiio. : .imllultaie,s)). :ist:. it. oslitti t:h:;e:cza„)lr,::ttoaitlroliyrtl:il':i:::ootltlf.ltsil::claiteiw)l4lug:::')eg:r:re:r,:,t,jifcetrril:iiig:ceero_tiii:i'tilnji.:gg'yltvl;:srk46ll:'tvls;°eji:l:l:':';,.:,',‘::jll::c:i::lirlail;ll:o,°tlctt'still,••• 11)t0i1 h erne. t.le $4$llc i ,„0 to,oh vvetineall4. lest, jarttes lobo nv ill‘ins"", t:""c'r of (i.middle tenitflt; lolldoti, til llaritet, eldest d.loallloootatlate ;eorgel,:oninsott,, •15 mai& bilh°plyl44. (.1, o . un •purtlahl, • p.13j`44,'roe. ,ott 'thursday, at tillington, by. specjal 1..1,3' afortwo°lohouse, !northuntbaland. to flarriet,, eldest &lit, ofy 194 el'elrnilioacuililrtlr samejld4jetcnil iv ):t4. n:od':retttslo:l6;k4; of v.►i slai nneler::neve.,,°4;u:v. :i :ii ' :11 :lib: e is.r 4111 (isletfries. eq. late of rite standsroct°llii.-ilion-i-1411i in the county",0.3623,17,54,[1814],1814,1813,1805,3,3,2,6
706,1814,2647,"• ....- ~ 4't 01111"" 1 eftera het • .«..4101100: '. 'z''r ''' :.' / 1-e- ''. ' - ,1a ...-' ....-• '. - n. 141404 941.1111adlig itet)"".4l/"".. .. . 'at j. ;4;li reeds• hi ""4ati:inti *kat** 1 . lot ""e is • 4 . ' • . ""a. 4. ..i..•1 the capbefettai .itild 4flokdr isse ,t, va lenses •i heitle'll4s 'cilia 4.04p0w. .. •vi r • hatthe liksathererialhair itustes:4ktaispiblsei ml•delltrue-, sew tile. rile • , -... asin s.- - : • ;.- •.6.0 iiifk** alttni: .*lll(lai - . • ... . ' it° mootionistg oldrthocemshleill- those , lima= wets",0.2453,1,45,[1814],1814,1814,1814,0,0,0,0
707,1814,2647,"besieged being in otter [goo. ' usiu °et; butn ywas never-net i' . camp by a. message, or ern* aovto e. - .•-t,!'i• eanereedif tite rejection of the capitulation by the com- leg• ' • • . = - •,•• reletitte te thesitleetten , members' to setts' ... - .. . iodic .. • .. that ,-. •,. 1„.„. j.....,'stir ' • i.ciaief of the allies, a circumstance which, t the christmas festivities at •tredeger, *mott- 11l * ..contineitis a, :.01, ar.,_,,.erre; , ,~,, . 1 pole sommatson,natect or ectormar. t ... ..,4 person ? vott migrated us,- that in",0.441,22,46,[1814],1814,1814,1814,0,0,0,0
708,1823,2646,"albh.ord.histhat the „maks ~4:110044440 eingi ;171;1311pee whieh,tle, hy my publieoherewilkitit*elf•siind limit* iihnlitect,ps. otis mild-strut r aryl:rill"" ; l'""""c'"".atiosisumostesdno 41 `-'''car e ;vtci, lie.was in ihe••tritasiso em, he 'sharo,their. fa-whetellialv tziaieutirtatomi ishittrigrika, biwa su -ma .•'utter would watt* thee:con al 91114iltoehi lovidarbaktogenelw liplitlituegaitfy • : • - wpas 9seil may olen tsesis galiceßerft .11millttee inik ri.hilkiddireped w4.la•ai tit, amtttie griiad*hfcleats)i ariniretneirs,iiist be deenitditeeuliailivelotaikhr. the *iodic-ilk bulky; .. . ... : ....••• i• b ~,:.,.!!.., :.c,rs) t,;i,j isleiirwing dia tied itiorlar -ids% d , - ""atire*.le b bent thelts 2• • ••;': •-""• • . - "" •'"" •''' • 'tuefortaials.. ••",0.2753,8,51,[1814],1813,1819,1814,9,10,4,9
709,1808,2646,"police:.:'!? 7 'z'a n. 3 '.',lllo‘-`, bfinsom ilotra.—yiesteedap, jr. jearros and tr,:401cr re;ec.:nticted.in the peikitog of s'‘ 4. for bait 'g:oncei•tied in tvcsritig 'a,priltate it; 11; nt 'il.onseinyii,.cits tie' court, eater }mi,.areh beiq unable top rtier were colimixted to prison:, •, .•1 4 welifdkekied man vra dr irith itee4ft it .,igb imocikeackief from the hopi . .111cr. a:117ftec4r 'lnki4(7 °t4114 ti etts °an' ter tfa. b lb trein404r,e,„p„). 7 ilea* &be,' •betr.fav pto- being ware 4.wpm bignaelioas &lip criellnlitt• k: •t''""7""‘"" 71nikarbillf.lig,tranikt-44,414)114,44!, ii-abont,hzegimmibi, in aiiiilgrain, diuggteruf the 14e • *l4 :oc-rt, esq.aihrtet.- 3- '•• -'4.tekr; tthplet-tien? 'the, gee;nplrr 3weellgiceahti. ie.",0.4614,51,41,[1813],1819,1819,1804,5,11,11,4
710,1805,2194,"stamps gratis.d.po)vder dalby'.s carminative1.)o. ma 'rattle - 24 0 dr. austin's chalybeateanaleytic pills 4 h - 4 0)0..ur0 - 24 a t realtestina . of i; a rk . 0dr. str's opotlabloc t. 6 1)r. hoxturn,s. ditto 2 o). convalsiont)il. a• 6 tonle pills - ipratonitre.l)o4)s • 2 .6 coffee 9do.:caroutnik drops 9 dr. lloopet.4 pills, t rdo. poregprie,t.oz.en)as' j its grant's drops - i itangilituti's blois ditto r .cots pills -.2 6-essenteoi coltsfyot, : 3 6 i.tiety's-m.lguesia .,r s,denc.es dent i ft ice 4 i no r toes- i) i (;),ry spilsbury'.:; priipsf 6foiteis 'tilt. 3 ib 1,)1; sol:intl.:j.l'i",0.4686,34,46,[1815],1810,1815,1815,10,5,10,10
711,1813,2647,"le oa f‘ t"" int"" :i4 event% ielldinsvatst ladtatiotbialtafei, 'gat fig ,tticon total us, or ereutpeeling a plat ' - • it gig, .. • i-, , ~ . 4 91' gil liskssisit •i, '-.... x/ ,4. '.. . , . - , . aid ••_...* • vve take* place, either in the am.! ' -die 136. ult.. the spanish bkllo4eseettet, ary : possibly, he sotto 4kaglikaoskoa ha .a utilise iiispho mani antbattme.' . &mita er dynes away ,the disposition of our, allies.' if mil- rived at 'cialtt film littna,, wllls' illobitapi*, avoids'. * icao.ifisouatsuot .sua .silaverieuerlot ac • aes.",0.4038,35,45,[1813],1813,1813,1813,0,0,0,0
712,1822,2647,"brom, sip in 8 lillhasnob.7 —am-- -wals7ii.i., bacen. witraq•av. flier. 26.viweepstakes of legs. eseb. with wedded by the stewards.for .yrfor aids. one mile hems. ', mt. reeideow slab% m. s. sir william, .. .. imr.itsfbaris's b. es, (i.glant.. . • .. .. 2dr1 . thee drawn.tile a.h-aged stakes of logs. each. with id added by thetose twn.thile heats.mr. walhooes's all. wood. 6 yrs. 94. rib. .. 1 4 1vol. ystee's pelnebrests 6 yrs. set. 1m1b... .. itl vair. t•ores's doplseale, seed, est ste.•.. 4 °feltearl of „dartmoath's milian. 3 yrs art. 18. lb .. $ sdr- . two. others drawn.",0.4079,14,43,[1804],1806,1804,1819,18,16,18,3
713,1813,2647,"- ,i tea,. tntne,s. attorney,: .mr . farwell,. talons ; and mr. : ,ao • costa stediock sent coloitel bljornsterna ' general thieiniann is almost daily engaged with ! cranes, unit, .-emort, broad-street. ' •is .-- -'against bun, with 1000 lo'fantry, some cavalry,. and ' detachments of the enemy.; and the advantage has on • .1/4,14, jpel. chestec„.iinen-draper, oct.l it -- n 0 w lett artily, chin ill, !...9,. nov at the , ..,gat.ln, -ct. -.-tlit . re. . ,two pieces of artillery.. the . enemy. hastily retired , all occasions beetthn frig. side'.-- . • rs . • 'tette",0.4534,44,33,[1813],1813,1812,1813,0,0,1,0
714,1816,2194,"iytons.• • .•sltvittlay, seveitil uild 'vvete. bypt.:whim:thou, after having fititiergolic.the severalcif r.tiiii4lttnene which they were ail-aii4olig.""!lmirt''‘,v as !!'niter.' iluartrd, 0113 theof,norlolk, tie woe, addiessed.by thechliroviii, ;0,0 regretted that tie))4r)liii.,; wan should si) often •apn,..;ir hettiie thiict,turt tinder the circumstances lie dirl, ‘vhirliwp.;,thiet he could• nut he considered to bethe po,,ession.of a 51)1111(1116nd, and hi, (thewatt) w is feal'filt 01,1 t ib a eflllentii44le death of tiici)ake ould'po, additional notions had 114 ho.td,us ;to the .right tit (.111“.(lofti. flowo.rti ittr-rvt:133(1"".• ""it ctliti“.l sir, when 3.was•'brought tip under the i)itke's 'protection, andthere is iicientlc-114341 in court who knows that iti,eit to 1:•,„!e",0.4557,24,32,[1813],1813,1813,1811,3,3,3,5
715,1830,2646,"hillier sisse' •••.- l,_ .1 sie= or hundred ms. shall om sat sakes of mi 1$11,0%•••; niel mi1i5""41217:04 1- ~, '. aa, gig"", it 600, aid dar,mll pa, sinn nab on .""italar -, i 4.."" .4a. .moot a.dboa ow • . el a ti mersafmm. .. •- - i i.. ,- . t... -- . -",0.4877,2,17,[1856],1857,1857,1857,26,27,27,27
716,1816,2194,"711.11, 4014: ' -,ld t,/ 7,, '45,:4:1 ..,:,, lit t'clealittinti) 'wilt "" . '.., . • ~, lous'lat-v: uilti.l - ' per thizai„ „ ~,,, ; 123.$ .-- . '‘ . -r--,-- .il.i.t"" hides.beet litifere & sttn•re, per lit. ortnwm.y• • ••• -5 1 1,1 to is t'9.1 cr! to ii bd. nini let thlf, .. ta%=',,) "" ~,,61.,mit:id:at: ,4, cti t 0.21 rd' ;:tvr. tiro.,e 134 tki to •,slger, nt .ps —nottrtt, 7e. oj tu fie. ti if .-ijuit34,ss. oj. wu''''' sltraxiiiti, 131 10d.price orit, 4,vucs'r matitct ... ss 7jtslitte'w6,l;.elvetvi ;vs u.ipc e i;.utir of ,lb.,t li low'.l'own 'tallow",0.3332,25,2,[1814],1814,1814,1813,2,2,2,3
717,1809,2194,"tuesday, april 11, iso9.- - •lust published, the third st. °lime, in itoyal 4to.'the narleian miscellany; .a new1 edition with additional note; and illustraions.by tiloateks,.• • ,the presmtu 01 thi, tn.,guificentof !tare anti valuanle tracts will inelittle the whole con.tens ottite otiginal wotk, with ,the4dtlitbns of two soo;ple.ment ti volipuy of emir. ly new irtal ter, nuking tetithe wllolc, et which: one is ttug be published every thrt:4monthz.. .4 .with the fast a general ini-x will be given, and. a chru.tinlogiq.o fable of coiiiciiis, with the various articles newlyariaugeti awl. 04 ssed.london : printed for j. white and f• murray,",0.481,46,29,[1801],1807,1807,1807,8,2,2,2
718,1813,2647,"• skjil;hy typisujittivept.of the pisimee,, ni "" 41(ers-anitcp:'citesniloikitit,'oferifvfli: nos 9, 114+14~; triklre, wllwipwo,-,96144v1.1et. r sprain 0044 aithere,,isfuture; t.l11.1,,-cameietll wilip*..iiad rot. to and tilioilayik, tare f cyarrird* le apply 4 wad a•""whew 4...34/ dig/ct.:644 the real trait tblitdaaterkiik, moak mina furvititet soup, disettiim cuiees.oup offumodi vote(..is kitiarro. at v-. 6d: wad 14. lw.; oreall; hid.bd. na ir. id. earettiipt tshi#d •litt:feml4.4l tirattlitstle.v • 3,i) ver r..lrwite's siab4lllllll in lli. unn knltlinen i, rri*pet-'lnl umw`, eklaainlitgltleelnlr inrae n m ame., itnjtuelsr as lbs. isawillruf bit.'il thelargt bolt; ithip3o.the ;well.i.lww wars, ut a asalierlpiallaty. qtr 111l'^'► uf tout) ..r euutilrt. plitek pendia lid",0.3516,47,14,[1814],1813,1813,1814,1,0,0,1
719,1805,2194,"wounded, ,the same officer gives an account afterwards ofile capture °flex ville de milan and the cleopatr4,by the leandertent} , w hich he attributes to the shat-este of both vessels, that rendereos d resistancelepsible.caup or cesereemer,„ june 1 3.—f orty-eightilattaliotis of infinitry, and forty-five squadrons ofenlry, attended by it train of 60 pieces of cannon,ire row mance' uvering in the immense plain ofontethairo. tjpon an eminence, in the middle; isnrceivtq the emperor's tent, who from thencete10,ks on thepositions of senato, castiglione, mon-nido, and rivoli. the eye is lost in the horizon,rd, by mantua on the one side, and by thefertile",0.3944,45,34,[1815],1805,1809,1809,10,0,4,4
720,1805,2194,"re . 1)1 y also.! was not enabled at 144111""1ti4 present to make any coin.'1. .43h inc i.:ll).jcei with certainty.)~trd4y, ithniit two 4.oclock, 14 —pk ma)itsty841,141 viaiving..roorn at sr. james's palace, 'whichi:tended by the princesses el tz a a etu, mak y,the 4;411%3.6""i1 amei,ia, the liao chanctilloictfilet,.i.""11.4110p of tuakt, the secretar les 'ot.slate,,.siv'a' , itttliencies the dnish rdssian, sardinian,ind-'emathloli neapolitan., and poduguele ambassadors,1444 - ..: , •altcap,„llnarlborauli. dever hire and rutland.af4,4': 41-clanricd, blandford, and hertford.44,,/,l7,fiet„ heretord, illandtord, and sligo.hain tote, morten,, spencer, westmorland,, itinig-kott,„ ~ . itnsandeley, courtown, digby, ai act i esfir ode i„clufori.,...9ger.iiinbe, sr. vincent, itritilewater, pentla olle",0.4181,63,48,[1813],1814,1815,1815,8,9,10,10
721,1814,2647,"rittre 4airiii44ppo44410 ran eey life merges notes!, sa synod het to fry:fee__tig4• *.144p9t six moo*"" weis imo winn 111110 te try ""'""midis pills. and ino dies! god atm.'s oarsrplacomeans se ms melees itledienie. i as pawl, recoveredloam idenimat and paid& illness. •leso sympinow or rat jtoortirr were an omen thanlinens at wip tiro ar ma usesuy leone adtier, s*es% oil os rine, nett wc ttutigl ton 4101111seleeery bet is rstersiresione heart toostdoryd mast wonsistikinbi ,ni of lefetistired ishireihrey loyeelt. he said hetals. madero.pipet obliot4 spos!aedwitt wy""11•40=114y1•willco% pow pills (sub usietteeke) ,,g 0 11.'00 031 $o. lif•01.04. no 44 shit aims,age",0.3291,8,43,[1856],1857,1819,1819,42,43,5,5
722,1806,2646,"made up in boxes of as. yd. each, and foldby the grow venders as the galva/de elixir, sepal s. jones.towirer is felony. •ittrattk.h. 411114.-wa,paotm' dat war . , •al • new edition'of the 11,0yal calendait; •i—s• and court and ci fy register; carrfully corredledco tie prefer* period. including 'all the mantes and appoint-menu in adminiltration that hare mangy warn place t tnirsatwith various new lift, aarer before isfeited—,abe allude mealyand arcuratrly arranged.printed for stneiltdafe, httehard, longman and ca wilkie androkintor4 syntands,'statehad. low, seeley, oitell. crolby, fugterby. march. cotten awl de*"" rlchordlons, .a.fperne, blackand co byfielda. bury, hodgfon. srabotbcra• price aa•",0.413,9,50,[1807],1803,1806,1806,1,3,0,0
723,1814,2647,")., a .4...• • i gio it: a .4qlll, : 1 tee, :s rirlet,... • i- ' s... , ..-. -il 4 •• - ' ' i) - • . '•‘• , •. ' •••• 01.• 4 .01 •• ••40:t •t• 'fl ft t!* let !‘..i...;.•..) llr 1 i • ‘ p. t'5p........!i; - • . • ii4l' i•. •1' t - . 1 71' 1 .:i i''1 .11v /1 ' . • sal ..j:i •••: * ' -iw-/ ‘f~i b t t07. • • . 1. j. 't ' . 1es .o'l'9 111051 ct 6 6 .i.k .... gi,vsti",0.4639,31,20,[1814],1814,1814,1813,0,0,0,1
724,1810,2647,". _, : (44951,001 $. li'-ids. ' i ..•re 1 v*froa vajn be added. ihe *debt - •~ .created in 18',)7; charged on wili 'hit* 111;07*,130 o'o- r•teta! marled debt o 1 greal neileivi..... . itglift =1 .;1wita of ireland, ['livable iiiniene itricuadino, emperor ot,(;erinany;difte : :.• - ' .7.50'403 -6 8 .diab),:prisiet.rtgest ef.porteisl;g6oo. , 645,501 711• .. . .toll funded debi, eafiaiio:l4'drilik '-'r---7—.lkitatill . . t •: •:' 1 . . 764117057 18 of. ' '.* • .-_:ux/plb4 dia 468711 : ... . :.... sla mom. 4641: on, 4* 4 flat, low,. ,: • • • 59;164.160 0-0itemary:: ;.7",0.4867,4,37,[1814],1814,1814,1813,4,4,4,3
725,1805,2194,"inistertune, it : be. i °dial 1tattoo for him tti know, that although it be if!,,. ,filaysdoubt or uncertainty with other praz...titioriers, lne. it-04,vv.of these deficiencies by the ,r l:p.190°96 ar tile lir?ti,on, is the acqiirernent of ;‘ny exper.iellf.f*,,,,i my viou:*.01 bacchus' or 'venus have began to rcottee ,s 3 1 utwor;i a mil arl l"", imuch atujety wilt tic prevented ii i -. t g.zy 0 ''' jelllion of this languid state ; and tn. these, 43.--- ' •~rol?rdifficulty will occur.dot where this 'deficiency has ler.yeartve.-;.oitittettitawrio,lo-- 'is indispensably (egos& , e orotirono, 0,1roctiog sparks of lite, alai to te.aonn,lic.,",0.3575,35,44,[1813],1813,1811,1805,8,8,6,0
726,1815,2194,"derdte, for prompt payment...,-.-.----,viri.i.liani-11, ntouzcrarn,•.mt,‘ ,- ..li ' ,s.ct t,,,,s iiead /nn, tino.w-hill, 11.6rlinl,,' • 'eh""1, aeconunodatilin for travellers;4ooei ices,l'l,•ik,il (41?ice,liquurs, and moderate charges.1°l'l6p: post coaches, ,mail coaches, cr_. set out froth•v, the ';ilaracen's head inn, snow-hilt:•erai-,.„c •eb fourt. • i.• • ' uni union- post . ---(''' ' . ..d..,i-(i,• p•.;1,,,i,,,,,,,,,, , „ , . ..di d,,,,hester,nl:l.,~, .1115 ti,,,, , .) :_xiterocon,tni citi,..fir i' 4otly 'next day,j,.t.1,,,,,,,,, .., inerarrive% at -n. ,i 1 a., -• ..v cit,i._5:,•,,,t.,;,.,~,•,)!..,,,uethe pacliets t,all. to (..;tiernse,,iets.,tt•..:,, is ai.,1, ,3.1,,.ir,.i• matini's. 'film therhourgir t,o. 11. 1.,,._.,...in,„''. ifi.,:;,:','.'.•.. p"",td, 11ekt and cheapest i•rtiveil log ...0 1",0.2924,39,6,[1814],1813,1813,1808,1,2,2,7
727,1822,2647,"navy pip's, . pra cnlfl.! 9-....m.-,tleit dertliseetiag of proprietors of the navyalloppee ira hold at do aty of leedom ts-idikk feltheir &oast from the plait proposedalb. ifsellespor, est paying off thedoe; moak. lti several cioadosea assns•bled. sad elsorir or- dleyglos, me. david ricardo,zee aid other as' . aftersaito alto alliegios dated has ohl• sod40i* *lit** he eriltalls the attetiaghad boas sell* :/lialiigess &limed sad suggestedthe prepeletyle illeig a comeeitese es mho &e--rror twills #v4l4o*, a sore senterees seetiog,'with me ilesseritimrpatiseees eeiseitted. sadit comllailli lifill :uppeimell be proper, the. be ollleipti. .., nada& sad she eon-.pemy.sajeareed. 1 • . • igei",0.474,8,31,[1819],1819,1819,1819,3,3,3,3
728,1817,2194,"61111' news!, --.,,--.....40°''""--' „i,„falmoutet, april rlivell` the;ail front lisboo,larabella packet with a mtrial ofwind s. e.~ear.......•a court martial is now sitting on warlitv •northumberland, in sheerness harbour, torttwo s .igeorge ivalker and saul peach,men, i°' deserting from the florida sloop off ',..and carrying off with them the 00"". ps':plate and wearing apparel.1101111.111 le catastrophe?—...00---the journal of ghent of the i7th of apt1110:1,tains the following article :.--.. .. ..,:sg"" a horrible catastrophe occurred near a -4,,,,. ohllan unhappy peasant, followed by his torte ...,,.dren, went to seek his brother, itt more sorer!.:,.circumstances than himself, for stile pytlol4 '4asking some assistance. tian,e",0.3942,38,31,[1814],1814,1814,1814,3,3,3,3
729,1823,2646,"_ . .0. ° pita!'the wbble nate sadist sass portal, this takadas .pin. thareavrill varligek 1041.,141'1.11h7 of rigliin to an opow.nfitititisz throwin ,in 'the teeth' 9f-cosit4lftdin's adtattiticin, theins. at gams time ad plaastreaxpooed us baleinorkelotsvis•—nadavae amis :under .tpits,h.rpogbeol/2. wltse power qst- hill ' ''• e of the act ow timoblisaa. - far-thisysmose,prilk nosh:, witb..aaasj-_,awres fst land. sow piaui:ea gar influence thin toglainitlo;chfrontthe il?tinz. it broadly intimates dm* notiry in london, in whosewith the right ofsli-liwp.wams .wa -within- the bewatiothereots a _s •she iikek,644. rewahrtiathotwe.. swim. oitiliwb., mum. : ,of ca. pkal and her coriaintiisil relations, 'wit al: hands napoleon's wm'",0.444,29,49,[1819],1819,1819,1819,4,4,4,4
730,1817,2194,"det 0,,,; t''.'r wight, jersey,' utternsey,' st:maims, ri,ii,..ltierl,urli ev wsiiiiry µ. it- • ,to and sllbroal,post-conch,'ry ey , e tist, n,nvel•i(y.g.lf,ist five ii'clock,—,•titiartled.„i""thury ..i.ndorer,4,,nil 1ta.,,,„.%1 ri,dorcliester, 11l attilford, s 4a' ft .rilo' on. the%',,5„,,, '`,sti.""te, new punt collol,' every k st. ma.tie,. tkcll4 rackvis to guernsey jersey, :we n.),,l!xri:p !:! i- {mouth,10,141.411 a. photaouth, weyinontits i)orciltsleyr.' ..itir,,',1,...41. ,i,'%.(arth, 411,1 sati\b„,„. r.;,•v post oriels, every __. , :kl'xadt!,,44o.,ll""klt, througli kloniton, asinitister. onuinm- ..i10:,1;1 n',,i'int, i, ''' 1 • ' ii . ''. -' e'al""' ' stilton and - untln,vin, r0,;',,;1411,1itt4, pet el b0r0i.:•,,:,.i. • ,titl,,cl""l/ ca; - '• t every hvening",0.3303,38,25,[1810],1813,1813,1815,7,4,4,2
731,1818,2644,"0 0 5 r) 0t• • - . ' 11,0,:aw ....i:2 a • ti. 4. v ia 0 ._. • tr,t ,fili - 5 4 0watte,charri ; clurer 6 0 •aa7 0 0— 6ti 0it straw 2 12 044 1 if 4 0 ...4 2 13 6rprgess's essf.nce of a nchovies.wmiliioiise, 107, sta kno, co ett or 'mil sav•tsteps, lon 71-john burgess roil) n, lacing up ofthe nomettoss mien% ours made y persods to on ,e is systiri•*manias for their 'melte. fee c bens on then request theattention of the public. in p •as t they ceive to be themiginal.",0.4525,12,45,[1814],1810,1813,1815,4,8,5,3
732,1807,2194,"sit the literary whichthe englfsli.studeittur,itktrter can l'equire. i,yourrh, the work is neatly printed'oti es new and elegantty t'a'r an a►upierfine ,yellow_ wave puke?. the co. ppet. p i :it l.litirc)aceikeukavedvertictly, fromtorional'prip,itigii, by thetir;tr-artristd, aritf:,'are 'etlitat 'to* anyll''lates evrr givin to thziul4lioin4\vork tat korturitlchard phillipi, no. 6tllrldge-strect, 111,ic1:4fri:ll and sold tiy,a)f reekriellete: and plater **, iff')lf44ll42-:n ip. persctos ilistsio sed to purchasvins work in monthlyr,,,, ituy iiwth tlte-411-04%-klioifitiv:ditit at coi, o+l9lits, #11,4p44.--stif4.~..c _ ;j''''''. a'.. ' - .-1.4 ' : ••• ' -r. .- l...-_• -11p..-,„,.--;;:-/<1.,,,;,,,~.,i - .. ~..i.:........4.:..).'-(5.4)t • ~r.,./• it.i,r 4 .(pg.ice 31xpencresrpt. tito.he principal' officersiind com mis-sioners of",0.4841,51,40,[1814],1813,1813,1811,7,6,6,4
733,1813,2647,".jolyvi :,itiof)er, pub!itnna, sir w. uvßacmckus said,.that; the • aittese was:in sy t tej,a-street; •cleekenwelif; am.' e.a411 44, ;64 bensght byr•smin;whe:rdittii. 4,bareb41414:44.14.• inkarl some bread,- byttrs mckotartik,..„-4110411'..oblered some real cellet ter.ditane.e,-. rit :-. a hlch. /utiietist'g.'kut.-,l4otteit4eatrttris*•*, 4r.eted..„ iaimi. alid.eotacti,:(1, render 'his gritrynabtkraigist itra.•4l),t4tpt.t4tigal rt.:three glasses. of briglyakwatet., u.t..4.41.40icu1n- dress, . the law,in_rojelyiiiiir uo4ictinotion uu this.84- f.l?-.pflylite,i;ilj. a. fewdeysisef.entibiaxiyittio i account i at*then.aly....siilfegructattaiktieueil, by the6 mr. stgfetalb the,.o'len, iitid, suva, 1,41/4111'..44. 0.9.4.0t.:r4; jp....casoanipthis,likady-was,tbeavountracer, . *lave be had; sole perk grisf„lay,„ivikr: ' • kaiak*, .04141g,epliktae4110 facts had . beenie_„its]threolaings worth or brandy and s'atew..ll4; poi. . 1 • hibediritrabgiagialapc,l4,.qa• ockebt cenld, there...tiogmeoehhe",0.3606,26,10,[1813],1813,1813,1814,0,0,0,1
734,1815,2194,"gins drawing on -the oth of-,, [MASK].tjlli soii,ent contan 4..„lf',rand prizes of 30,0001...; 11.1.5.).5 or 1,000 guineas each,'zod he randpaid in gold, ilith'out au} deduction, soon as drawn,ists of only 15,0011: tickets.carl.llß• , at lii; truly fortunate ppice, no. 1, holborni,ay.s, had the pleasure of dis'iding--aliong his friends, in the8,31-...a2n1 preceding lotteries, the ~kiting capital prizes_ :-10,4 l) •• • ....... '.20,000 2,9 el""'•• • .. ...... .. , . 1,000 .3)741 -,420. 1,000,•_, • • ....... .. ..... 500 .5.,13•1`'''ues sveral tsf'ool. 2001. a:.'... &c. in one hundred and••-..............._. eighteeli'sharcs.___liis it . lock anil tili('',lcal dispensary.oyal flightless the duke",0.3794,27,29,[1813],1813,1805,1805,2,2,10,10
735,1816,2646,"-.era cileiirated aimcipercient lotion,altllit intim°ne ein'tne tiffitf.k ildiliplexiduaditiis."" liar. i.od. v. s.•""'""""'""'""'begsant by-cleanliness. .tt-4s, usiecissary. to enumerate the advantages-re--il oldog.q tile coonlistion of every person, by effectually m-utatmo ohelltictions* frtint tile. surface 0 the akin, and therebyfrai lad oren difinniunwableinssages andpoleadiroagbifll nralinpuliqliensiess or novieue burnouts front abe vitalrnend uildeb,lbeingobstrueted; are forced back again into thebleed. gad isuanene the sources of luny dangerous diseases. jr, letketefore a in sinter or tacit cdasequinte, as wed to prevent hurt-ful di/order% 0 fot the preservation ()lease, comb's% atid•beauty,to ferneisslhovatver effiesdy seeeted)tidt they, sisouw occasionally'messengers* to solomon', o. lid i:eri;en r lotion; butmoroopectslty it becioss",0.4143,37,11,[1814],1813,1813,1814,2,3,3,2
736,1811,2194,"he infr,tic rt 4 t at.? t:ie 41intention ut unit ring that i,k-ittc.ett lo cariidintoexeciiocclirreli ntline'yeart,,vi 16 the flume clicoil,,wll(.lllord kenyoncoi bench loterca:fisgyvi wonlein' wes tried for a robbery in adu riling-house. it appeirt'd,t 0 ha ce,,becili licr hist oil. not, ;kllero arrru so 'many circumstances of .extentia.111 in, t•itarr the 'wilites,tes very reluctantly ease ilitirevidence, jain] the jury sthi i►)site rchict,,l.ly turtlevertfin of guilty. 11f bean ltird' 'kenyon proceeded*ta pass the awful tsentt:iiceot tki taw upon to i, 11.hour creature who had obseried sious. lute-rest whi4.ll her petitll44 case>had extitod, tell selitic-oss tit the bal. i kenyon, who nil",0.441,48,43,[1813],1813,1811,1811,2,2,0,0
737,1809,2194,"totl; ;. they eati.#'lled u, hi kn,v• opp i .waya a a he: po it 4tlioerandl!he accompanioitlietn. ,i:hc .11n4,tritte tint beingffi at the oce ',alien- they arrived there, lie-rerininstrai7.-ed-with the defendant upon the serintigie,4s of the,.charge, and u, improbability ; the,(lietendant,..lll;,.!reply, stand, that the plaintiff as going to. oppusc..hiiii in binatiess, and that the witness must know'whai 'would be -the ecinsequettee of a young mansettittg up against .him; fort his- he was resolved.upon his ruin ; he should never be a unt-,ter. coach- •mtdier; he had !mow. in l.i, banker's hands, and30.001. besides ; lee would expend all this sooner",0.4692,5,43,[1813],1813,1809,1807,4,4,0,2
738,1813,2647,"hoes? lieuteneat william bragge to bettatteld of a trotfp bytalents all booksellers nod stilettoes.. . :is largy . and sere convertient for every purpose', of msperi..r nee . chase, vice barrington. 1.... . .. ...__....ee _ ••• - .j • ,the ii- .e this ' eccentric •tales in verse. . emotonelatieue with a sood garden. sad stabling for upwardeof 1 jeffries kingsley, gad. 10 be collie, we • litimmms meell;se horse.; chambers fur bay, cur., wa siisivii way to 510 . arnold, whose appoititasent wised-when elate. ' - ,t. .11 • epubel in oap valance ""mull byte price tie, in",0.499,3,33,[1803],1819,1819,1819,10,6,6,6
739,1805,2194,"casjly cured i ;allu, ~l di''others have failed, i trust oat i may i'°""r''''radical r-' by e-e... 1 ;11:tlittetkt. • .‘f 0_a rostre. of.few, howewer, are the caies of elm pliasto:ii,akieiodi,this disorder, compared with the catatii.t031,•.,...,,' of , '4, -men, who, front an indulgence itt...a solit3ly, 'ljot'.!proyaiene gaieties of a fashionable life, tc,l'olcix oft '4""of debility, which is the obavoidable coosegosi., ..' bill• pemitious habits. • ,ry,hts rnis. ~,,,,,twhere the unhappy sufferer broods oct ~' witieo,',',(carefully conceals his thatmltne, i t ttla y kfaft . ojc°.;llai tion for him to know,. attpolill ..'t :„ the ~itilf,yo,.doubt or uncertairit't with other",0.3297,29,35,[1813],1810,1813,1813,8,5,8,8
740,1817,2194,"noteser 7602.1n' n!' paypoffice, january t 3, [MASK]. •ientvaim barre'l', of his alajeity'i shipiteineetr.—a t!retlitor havi tit applied for. payment of a141'1 litre from the obove-named seaman', aliaountillg to141.• ,olte is hereby given to the next of kin or executor, who1114 yalai iy to the inspector of seamen's wills and powers forkrnieriiiformation.. _navy pay-office, january is, 1617.lienity owens, of his majesty's shipsgarinani, and porth.—a el editor—l4l applied fur paynient of a debt due irons the ;abort-': 111114dieautan, at:toiniting to 51,itiveti to the next of kin or executor, whof apply to the inspector of seamen's wills and powers furfurther information.-navy pay-opfice,",0.3394,33,24,[1813],1821,1809,1805,4,4,8,12
741,1813,2647,"to he wit/lied,. -one reoufd twine the led genettlfl to slotsde kale 'caissied in iih lir alai- to. be mitre, theirt „feet, rind thetrianilie oftholiiiike'litini nittlie•-ti__selves. the issinwivemis 'of !ip *at' theet•tividaweelllead ao 411trcohelsisiervi tiuttlbe 1001011:dbovi citednot to be regarded otherwise than as tales madeamusement, according to theancieut saying, ""wein-• •.•'t ovice.°. • .l; • , • ti'wlii7,n men of ltdotafteen :rod peoressioaal:st.ill', ei.r pertik.v.isrittg entiravntini to • iti:i.sti;rit lie quailmit* anti tew:iii nethekl of.trpteittg it ft:lt• threviathi•disealie.s',the soccr4ll result of their , experience, is tile !lest pruni ofsu;periorit yr. '.. i .messrs. goss. and co. .sorgennt,,.have berm indlieed `to",0.3155,4,52,[1801],1810,1810,1814,12,3,3,1
742,1815,2194,"tilt, mittbe ..•,, ;tic, merchants and flrysaa. and a j;;%?t: 2.iterst claw,teee, 19thber ,theocto; er, al 1, rat s°_officena'atatta2cht.rer,olac.lows anlo,l,ficr:::agnit, london, to be ei:4l:64;cd sficillt 0. ,1' part.nd.sgow, 11611 septen.kber and :3(loctober,:e 003,41.116„.•oletci mg: t(f 111 ; rosell'a:""es';' its rrt te si;t:d;:t at:t*it5e,1,14, fistcrcdcvlie•hri,rd, '""'''on :ditntlav, the 10th ioisltialtntetpliv.l:lslt;:ll3(:).s:t.l.lfil::;.,,,f'!t,el3lotfa';,`.lls,`..';:; s.tbooinw:::___.---,-----ti:,f,..,,i,iait:„.i.tl‘.l7,titlui.:.:izi:liti l'• •f•fr;111'- •of a sol3. ., fse, . 10-.on tb, 27t1'1' of :1n1s• las+,. at fot•t f.lualbeettita, l4,)•alte1ekl,.ri51i.,,,,ii,n!,v),,,,.f captain 1:..t ii. nonnycastle, •1)111""on thursday, the 7:11 instan a.t the clinic 10vi,,,, cofdalightet• of tile late itenry kent, es l't• ''.,-,ocselli ''''lji•o4.aijr0::1211:.',11.15.,..:iitrtrib1l,1.1tit,,,(,...111.,:itt:0,'.11.•‘,ci:;11:1,id,1.‘..',.e;),,11,1111')::;13;:it:5i1.11e1..g1::::,,,,1tej), s:,.:1q:*():1;;:e:131::""1:1,',:g fs• :)11:41,,.4 6:of ,noith tirrat frteer'i:li-,tteet. irclatul; 11,'",0.2779,38,36,[1813],1813,1813,1805,2,2,2,10
743,1801,2194,".zfg-wants a sittiation,..as comp. anton.awl attcwk:ll.4san„,.4rt•--chlillti•ady, where washingher linen is not requite.-fin.o%2ty,,ntr respecl she will l.)happy tot lr bernelol6eruf), -wi av turp;:d•of df re-spectitifilitr, vv,ho by ficissitut-4;s; is avci:lgoci'.o itic,neoessityof seeking a maintenatte, as hall:tut:: toc.4i);; ot`tippport ; ora 4 houseizeeper an' elderly. gehtlernan, wh,:tre'she wouldhave nothing to do with the lcokinc, and only to pickle andpreserve in ~the comnion way ; or as superintendant ofanursery, inorttich opaeitys he has been in a ,tinelion for the last three years, andiron% yelien,“; canhave an unexceptionable character. • •..letters (post-paid' addressed to a. ti. no.';, charles_harles-street, c.4.ollrenortltigare, kill coirlioild l'iltitediatz attention.-•s• •",0.437,8,34,[1814],1813,1809,1805,13,12,8,4
744,1826,2194,"4516 s '''''''' • ....-d i"" '-odd1-11110 .... 46 to 50ihs '''''''''''''''''''' 15(1 to a'--cstlfskins..t.ti to 4011 is ' • ''''''''''''''''''' ilitl 10 "",,""to 50 to -tabs ''- '''''''''''''''''''' 24t1 i"" el'.i)ittu ' 70 11l 'bolb,, ' ied to 93tsmall seals (greenlon4) ''''''''''''''' 1: '''''''' 1,,i to 2°,largeditto ''''' ....d to ''""°,'tantied horse hides ' •'t4l i"" ""id'swinish hor4e hides -' 1211 to 1!„..rte, lice. peryellow soap ......... "" 90.litt let; ................(turd ................. 4ziojg, are' . . ......... 04good dregs .........huck!: 0.1.""rt1 umw , so%town tallow 87s od odyellow russia 84s tit! —swhite ditto.. atts (1,1 —ssoap ditto—, —s admelting",0.4503,17,37,[1814],1814,1805,1855,12,12,21,29
745,1823,2647,".*aarop ilivribt it we •. i oliivilititlifisett .me littinliet .; . • .1 iti. 4. 4'l4ll'o°4v ' ' 'l ...'00340,141/4coil ' inta-'w :tae ,' pi., , ;0! .igroliiii_,„444366it'mi 44; • liii# wrir.thikrol46lo4:.. . [.4. gpoismegaooll..riga ;keit bstwistssmi striiiikl/444 • lopk,; st§f 4004(hr19..44 .4my mates:. weir. oblifirat4s, bsoapea gm.tbs isfactsigh lite of whose. iver.sistarstasok so. side*,iissess;, basmice.dieil of, tbs. thiost sbiliwtatfeleis.4'thert-bwrlibmt b,ietvo'k to!: •ttsal, sitilfiet estow. •-.a- . .",0.2594,34,28,[1814],1814,1813,1814,9,9,10,9
746,1818,2194,"the. piazza coffee-: uset cove.nt,gaiiden.i "" all . . .. . , onnunnientions addressed to the continittee will bel',,_rl ce(l4l4'teli atterided'to.—.luire 8,18 i 3. -7-""•--.4.....„,..........._mille court at carlton house, 't-he'sth'of june1818„; p.l! es-en f , his royal .highttess the -princeregent in council.. . . .ills royal highness the-princellegent havingitett pleased, in !he nisine..asgl; on the behalf ofhi, ivalesty, .to appoint sir ,chartes klankilton,b,:trt. vice-admiral or the blue; to be covet norand cdrii6iitidef4ti:thieilti and over the islandof newtothalaun'and ili-diltendencies; in ante-rica ;.he this 'day took the usual oaths as co-vernor ni the said island and its dependencies.. • ?t; ., .",0.4258,48,36,[1814],1814,1814,1814,4,4,4,4
747,1810,2647,"theatrr roy iniven'r.c: a roen.xfa evaning, november so1019 rgesficrwill be atteti tliestrami•,tun gkltestltit.•await at. 111 n. • 'lsiveriey, :mrs. siodons;is rot 1. • •cvaiw' -tr which *lli 'be added, the-musical farce of66 we.. fly by nigut ;', . •or, t ong ntoruss.mr • fmeit y cort*--41e gresottille, 161 r. ,tayttort rc stubby mtilijgl; 11.111erre, mt. efa wc er gutty (trim, mr;i , aist bolton t, mrs. atabb), mrs.° • wa pt' • 3 01 ps ss 6tl.wn,. tr•ci see s. t- . set-owl peke_bale adkry 91. iletttiod gallery is,5,f0rl price di..tar presa9+c.ltllsh6l4.,ton tbundaj, ald like 11.—.0n fridas, 'etpt satarday, ickag,mdit",0.3976,3,10,[1813],1813,1801,1801,3,3,9,9
748,1810,2647,"' ir'-hoisi al i ' likeithe -- - ti"" 1' ""e ' ,;,_.„4. - -, 081.-.1144; alert s.t tiseineekell lai!i'ita'7, iliac dial ,itaii-deist!aqessitaossfitidisdata4 ' •the mayo* setrtadfliaid, he should preeedd toshe business of the dare and desired ni t.'ittmort. tobe silent while thowaths ware kdastnitreelbst to this'clerics, which being dime, altit 1111-a2.ior lad 4re/eta toarcsolt, with one or two; aldermen, i-s*'ateoty leil the court, and none ebbs' while *41.1a thousand people reruaineda and • tat .roope to procced.--:-uli 'coutioued..-stwh4;l2en; t ellow.ritizeos, as i have in meatiewed,,*,convinced were only desirous ta • keep zoo,io.fleeidinetott nwdage, ti* render you the touts of.",0.4506,36,28,[1814],1819,1819,1814,4,9,9,4
749,1819,2647,"a arw liverpool light gawk ally an wahlea the read. camel fear larides nod fear oweiam • lab enevery day as on «clerk, writes at liverpool and animatetit ni .'chet. through ihenela, k.weans% latilha.7,ft ortheeopton, wethwd, letterwarth, hheellev, atitenanc,lit. h6dd. si ofte. hugely. he warde, kaateferd, wardell.too. arm. preset.southampton. vendee...l, whabesere. awl /warnote new f. er.iyttele coach, at half-peot sews o'clarl. isow wring. amyl-. at the dolphle iaa, inathanehlostfive fi clue k.—tlits is a new delieitidel conveyance he the isleof right, jereet. 01.enntry, st. malan, havre de (kale,cherberg,itc.shrewsbury. weniggles, aid shirai% post coach•very ewa*, st five o'cloelt, guarded.w by mouth,",0.4645,11,11,[1819],1819,1819,1819,0,0,0,0
750,1804,2646,"; andthe eno. of his mode of treatlllent llt the is of dia kellnet (w.) watenin 'neighbourhood mimi re oiedyearannacation remain qu .maims with this medieihe powder fhotid id all cafes bli them of wocciat , three of soca, fix al a hoot, ten of scie i , dn. anabridgmerdi nt cs eq.ac. the marta prise is ad. and the number of tickets as pool. mod. rep.taken on the licit attack of a fever, before it has beta fulfered ts[o,lll'. paa ca. mofeley with the metropolis, at a good dillmett from a pia. town, where degree thetheir demands, and do",0.4749,24,4,[1804],1803,1803,1804,0,1,1,0
751,1805,2194,"' "" ' • .wilial, a now graurrßornantre llelelo-urarrult calledructan.tino ;,,,..` .. • . or, tiif. liikavo 01: venice. ,.. .... -..._, the principal charadepikikr 1,,,,,,,.‘ mr.. 11. •lohnston, . .- -4'''.`-lluv; mr. br.un`conv-mr..i..iston, •mrs. gibbs; mrs. mai-to cks, a 'e,,. . . and mrs. emery.'""v rltt.intt .atatv music- convosed br ar-dulbl•..:the,at . i. --7t* itr.rne;--trio whole unticr ow. .-ul-oj*o4j., to. coticruzk with a c rand nl.ltiod.ilk .47' ph 3s. 6 . ,- 1, : : lu } ier c.74tiry, pi.,o•ost.&1,d• c.,,,,-ty 2''' 1 i .- 4t halttx. --ft.aiii4l at half pittt five,.auti...bcion;teitt the poxes be taken, of mo. litalidiel",0.3814,47,37,[1813],1813,1813,1805,8,8,8,0
752,1811,2194,"regard fitea:ch other, which ended in a mattimonal con-tract. family, circumstances, however, renderingit necessary, as he persuaded her, that the know-ledge- of the marriage should csncealed duri;iing the of his father,- miss ,eiordonyielded to his injanctions of., ,sectecy, and,they,cordiogly exchanged mutual written promises to thispurport : ido soleninly prothise, as sclon as it isiq mypo wet:, to marry youiandinever troy othaffier-son."" upon the faith of these prom,isesa they con-dueted themselves towards each other as man andwife, and at' a stibseqiient 4terio'd exchanged fht.titer acknotaledgments ache 'elation in which theystood ro each other, to this purport : (1.1 hetet)),acknowledge john hen",0.4655,56,11,[1810],1801,1801,1814,1,10,10,3
753,1805,2194,":!..! h l:,..:.., on,, uftwevir `be ,axibitt.',l oil 3 ~1-.,....! ,1:: ~,_.:,ly attz4tiltati 1...1:`~ ;a viou,, :i ~. • ..:1,...t : i.,,, ~.),,..; i-i:*ifi;ibet,:llaviitsrs vv.is ori..;liwity ci.,v.ii .t .: :40,itiviti, t,,)ato4ll:l,,:tvi, til mting ; 111 it .111... '..• , '.,., '.l. :' ,""fl% viil!. k t„,-.),,,,.,1,0u ,„ 14, ,i ~,,;4 wcivildictitkix i., , : ,1. .:.i.,1 i 4 roet,.lithil/10'; 11114 141.4 in ii,) ux4,;:lleilt w toi:4 i i : , :,, hirta,mut not of at. ir.,;,..,:...1-..:xteilt, lily,: 11,1011 i142:.,1.,:. .. jl, togii: ~,1 •i, lit ie, -.1.11.: tlittertyliftielir 4156 .. in ioiy .-, )::: '1 ~': ,i ;: .1..41 ,ttpitsl!t,",0.2264,52,33,[1814],1813,1813,1805,9,8,8,0
754,1814,2194,"arid infallible remedy ;it is; in fact, the'iiiityniedicine'jre;i:pf,(111,111.111 ow stages of lift-, and.frefia.only cubit- which can be relied- on, icir its action on those,ditransis'spe're, ai,.:""l'f'ee, th.e 'english diet drink will he foulid a gentle, eine and invariable, safe ;tilt salutary; it fortifies without_(3‘erignirerri.ctly. ' • ' '• ' • . stimulating, and animates without inflaming; at produces thei:::(pprience is of truth the surest test. •. - re-production of ttie wasted substance; and invigorates thea belt{ .r4ere, he who praises justly, praises hest. . %qiscular srtem, so ler to socurca due elaboration and retell--°,412 ilii.ai. ""if '14.111. bottles, 4s; pint ditto,",0.4869,52,2,[1813],1810,1810,1810,1,4,4,4
755,1813,2647,"by various ithruers,which he trusts will tic found worthy the attention of amateurswill aho, lately added to his esteswire stock of engravings,four iuwatiful plutes—ove •• the luttnr. of jupintr, en-graved try mr. mater. after n picture by henry 'fitomsros.r. a.; anti the three followingengraved by %fr. sit!,""after th..releft.arrit picture of sir joshua itevrilds—"" danielto the ..ion • 11, a."" after a picture by james .ftiorthro:e. it. a.--nod "" the flue.l intr."" after a picture by w. owen. r. a.as it it mr. %lac looal.ps intention constantly to publish what-ever may fe""dev leis collection more unique and valuable, hehope* for the",0.4567,50,44,[1807],1807,1812,1816,6,6,1,3
756,1811,2194,"widow lady id. c' . 4x itip , ip 'olicr'4., 0111,111•31, ~,,,,..,1- m . 1 v‘y to 'a,. lowtcri, tetnive.""-,,,,........,..:0 lii trot tpi' the4.- - 40}in , ,k_ _ • .tr,""44y pornu.,,sy was iliibloimi . . , kr,en, di.,11 ,i 4 1 ~,-•',..0 th 4101 s. 'is% ~, 0 i i.li; 41 • 4s' '!• '""--- with114si:,oriler. prit, 6i, in ho ~,iti, a,tic.v edition, wi4 ~r, 44t linittulyi,,of , 1), al.,it.l ""'.- of elius taci'i us ;ii e, .or -1'1• 4c .i sia zil cn'flint life and genius, notts, supple.itlri,leti r 14 alqiiutt mu r pi-i v, esq.n : r.lol,voltl'etatkilale",0.3396,51,52,[1813],1813,1813,1805,2,2,2,6
757,1813,2194,"itegitnc6t.1.; i vipfzds...0r::15'. :polifin j. leees, na?.rcharsii.—sitt:,?o 1146.1,1;l j. h. i 1,.0t.if,lingtoo, ea+ ti.llvikt4ortgb,crtruo!;-mhke,r--'::oy. ig. ti. tiicfc3, of,son-,art;•er,' 4i5t0311,,,:;:rt:. cei, 1. b. wrl-toll, of firt‘,.'llt fee,'l'. holt,.11;k411-nlall; jev,elltr--nov. 13..m.""ke1t.', of p:111-musii.:lscller---n,.v. t; smith, !i. ‘o:eiti,j. titeitl, and lt. sluitll, ut .hurcl)-tree:,j. 0'131i...11 anti t. 3, 1.411,..:1, .1. ,irish-lihen-miglilutots—nut.. la. 'l'. :law j. 11.lf great nvititheo.(3-street,t. ut. umtle,-sti eet, liolbora, .:.15-po-deafern0v..1,i, p. c.,m,lefi•ily atid g. :11: stevaks, ofgillt.4lyers—nov. it,. .%v. ftwoitt, ofcronscott-street, i.lerultildacy, carpenter.` ,.•fp;s. po‘vvll, of st;1111130re, ionki:eper—lt„front, of king's:-utylor—,t. 1 ictr.g, of freeloalk's-lazi‘e sotttioark, tar-puti hut menai. 134311, of carlrehter—t.ofliertg, bricklayer-4. ofnvolverlgnupton, loaltster—.t. tiarrac.uff, of lcicester,.pati:i4nerships diss01,1,17.11«.1. radii and",0.3948,11,56,[1813],1813,1813,1805,0,0,0,8
758,1813,2647,"i debility inn for years r a iar.d, a proper persevere/webs their se. tram should be left: 'us the: 11*-tiviiiii cora ? -,ill (attend oil. • foe perk paling., and that by it the bireaveniesece.• of public choritief meat/dd..; st..rntive ressiedin, after the stricture has been otar..y.,. so io. 1 . . .kle et:tabooed,. for blit own pettltailb., . ..., : , .rived. from., outimitisgs. - slip ed_ , whikt tbelnntufand unwary areprineend isstalristpse fond ', illspenoshly twat, ste .to revive the slumbering spark. of ilroo view enev__,,,, ‘,._ love of bur -iiiiivywhitit ,uri% at the sum prima. herein- .4elasions",0.347,38,7,[1813],1813,1813,1814,0,0,0,1
759,1820,2647,"wits p. stilt rwern 7.weneserww--.440110t •..-wwriti04011......w 'now. a. r': ' -i-. -ri t."", 1i° . . : !'l'p..'0••••i44, -: 16l.l4*.x..oity,attolyw.,. -**,,5h00ft,,,,"",,,t,„,rdp,,,k171.°164ral till= , , enterta assent. i e replied, ..14‘; . ip - 'amp..• i i . q. a ~ iri____. .- -.. -,,„,,c, .tr••••r..r.pr:l 1 vf,. tl most ania ellwilleat show. ,first is elipfalle a •.* '. ,••1..1ci ' • , ' k "". 'lmr r-"""" xtgra -i'll ' """"' 'i% ' '4;24.74'•r- ~-,.• - . .- , vii • or e , eetierupestaihiansi•aftta • imam b►/tr/.am *ann "" 4 4.4. ~4 , . _ . ~e.. ~ """,0.2831,38,53,[1814],1814,1814,1850,6,6,6,30
760,1815,2194,"t. morris,'littletowcr-strect, ‘viiie-i,te, of—july 29. b. linthurne, walbrook, .curd j. jolillo,riceacr,thiebec,-rnercbants—inly 29. t. lex ''s• grlv's-joth '7, if—july 29. t. barry ni in 'l',' • •chant"".-i:bilii. ,m. __,,onui culi;-lane,"" wilie-pel_..sh;streeti. worley,coree,.house..lkteepearls. neat culfze-huuii;, ti ""•certificates—july 29. 5,.., pt..).oinerc"". ~....iw. ralusev, little l'haules-areet ... ., provisi ,.....0,,,e......... ._,la:yirlence anci smith, gunlstreet, spitaffields, sil"" ~ etureil c.lolllpsoll, penrith, ethnliefland, .i:beck-ulallu'ap;orli.l, ousinsc""wiquidre-street, cavendish-square, pate' suise%'lautflpcturev--litigl-les and omit .n, storrivglon,..,. tie'common-lir ew-ers—c. t. ci ' . l.- '. 'fordsbli's it- 'livers stone, sw' ~,r- 's-man---s. i.' • ni"" ... .i.ct.-ing culwaii, her', • • butcu-j. ye.tordshire,goakman ' ' '', 1 rince s-street, s ntaltields,",0.403,51,57,[1813],1813,1813,1853,2,2,2,38
761,1818,2646,";multi from the blue anchor tutripiky,""cn ties ~- w. . t.__ eat. the 7111 ft, eta ralaalr, july 31, at twelve, nos stile width illy this: to the park paling. ronrainl& tote- i i.lailhitcad' road, threugh linifie comprisink a sue-gantl td, ! 1taltjabije r reehold estate, situate **t f___,_,_ippfifk4even ‘0,24, aralictraa a very tawrtant well-htzt -mansion, suitable for the residence of a gmilennoi,zil walks isle of elt. sod couinty of ca nil et imf., ''''""'""4""e pr`srertil ""rit--411 sig •maes a london) by ploond •oppn a ham:lime 'paddock of park-like amitarame,oad and in ar exelient rei hbonrhood. a eonderahle entaineeted with",0.4337,31,46,[1814],1812,1850,1850,4,6,32,32
762,1813,2647,"gallalt, and sailed ''''prised his domestics at firle. places ipy,imiiing 'them mode4 di' in lieedlessiork, situribe iu-'l. pa_ rticular itt-o'nee individually beriefielgi, and.ii ' • • i • - ' -f-through the d. 3%% its for portseinoth. _.; an _unexpected visit, anattended,,tr,saiy.servant.-1 other .14t,.ntibailly acquired by the lex, i very liege' not'or°..t..,a, ishiegeous. .ti every ;oot o vie*,politisto'urii,jc;ris in.--arrived his majesty's on hl outlay„his. lordship refit ruea to sown..., .' .. • and. rciapeetablensseinbtage orindriiiitodfrepa i rid iti the jibetatiand ,the enlightened. are called. upon td.cauntetratice...tilat which its; not a matter of speeolah,alp snap, a ith a cnorny from guernsey",0.3933,44,17,[1813],1814,1814,1814,0,1,1,1
763,1813,2194,". . . -t:' :s* tholt';and ,p 0 c lads'' ror the tir:-.1 t.ehet drawn a 'pri..,.e. above'2ol.' . ' ""st fat lettir)ar: • • ' .-' ' riciiar i)songt)od k luc rola co. the~i,1.), --.1"""",.(4.4, etsspectfolly. remind the pnblie. that thew ling will coatinence fon riday, the-17th of s1.114441)14;ijtjen th' first tiaet,, drawn a priv:' aliiive 201.. will lie eo-ed to 10,0001, in liftdition t:. ,00lt pri7ei'and -the' first'l,6ooiv1411"" drkwu the sante tbycwili receive etll.. gad""- :' • '. , the sciienie contain .q.'.... ... .. ..prizet 41 , .l. 20,000.. .. . ' . • ............... 10,0006 .......",0.2761,40,34,[1814],1813,1805,1805,1,0,8,8
764,1813,2194,"s til,13 ,st and tentqoe."".11: chair reds; litarei;getew icair 1 l.: .poitableti14!1,2,:kc..1: ii, riiittire it li ti -i.!.edd;:inii_g .ncemni !,:iiit;ro'ved articie,,off. tzituirt,,i;ate r.al i,4tlizi;:ar.leutrutpvcrlyedextrli itte ►iisi,irtilieutnor!-. tiil)4l4ery :itidt,4it;')inet artiele3 fur furnishing- liimset ce.tt*, ,redr •14 may, ,elect ,andt;;.,!,„.,..,k k y. 141infactured, witcrt futiiille .~,,t1,,, extrone4441tiviti miuto housf, ill a kw days,- atolasth,,.._ _ th,,fat ,-!1""ice of waitilisc sioieriil montlif, iii (mho, -nub, ) tl,rhhet. '. hir:4l4 itiid west ladia articles, army uuti navy, &c. 84ca byttrr,tutd lihrhier, tfl and i catiwfilw-strcei., straqa 4n• l4, ()it utatte'rate, fur p‘r'otri. pi- pu;, airitt,ii•.11,3,tll. ,.i- :•c's,ire ' ' ..,04 . vaebv.it ), (",0.31,28,41,[1813],1813,1813,1805,0,0,0,8
765,1810,2647,"legitimate male descendants of his •royal highness the right of filling the throne ofsweden, in the order and manner which are literallyprescribed in the law of succession which we havetlstaili6lloll.6' we, the stales-general of sweden, have, inconsequence, ,confirmed •the present act of- eke.bow by the signature of our natn'es„: and affixing ourpeals."" door- nt orebro, this 21st of august, in the year oftliecbristian i...`ra, [MASK].""•ltrasen, sept. 4.—since last spring, the toastsof .11enmark and the straits arc filled with ,english'vessels. the frigates which made, their appearancehave been followed by wtoneroui vessels of war de.stirred to .escort the merchantmen. the daontt' kat,",0.453,47,40,[1810],1814,1808,1808,0,4,2,2
766,1804,2646,"etas ratsiiiiht;..""-tiriaatittes imihr, ali*. ~, com et dilla qum • , • , .ii• boar .02*. ratied toper tmefieoidtml a sk4gy v swell:air mg isalaii yelp& piroyor ht deep lais4 aft&it, ii• • - na/7-e.. _rylig paarcl,fott, offi4iiiiii and alfifit.nonsat f his .11liaistre na/t, do &swig givenosier,that au reldef the stl .1 mach nest, it 'feu 'meek in the''kereposs, cesemdfleher fonepurs wit got opts age at bia;011ee in his isteleity:s mud at plitooutki, keen, lou of oldfim'kir* eentiftbis dlwwi""cartoweris si 24rope. hasp le •rtr;pe. visite oikoil arid paint oints.itias trine in the said ?.td. where anyarrituu wit* yew*plaubsicts, may have",0.4988,45,41,[1803],1803,1803,1804,1,1,1,0
767,1811,2194,"mo pal of the council, withthe title of protector, subject to no re,„(eictions nor`rnoitntiona. t 1.50 were 44;1 the preoedeoti mkt,""ali ofthem furtikhing acnint: pro„fs that tioltisir'ic.tions were horwed upon irr‘' itqlcacy, wuton,ty to 4dinft, t):it powt'aft wert: 1101con!vrri,„1''upoli a giii-gte -but oil i council. theaoci u lotcimin contetid,,d, that thelondon: rived by itt",0.4881,5,28,[1813],1813,1813,1811,2,2,2,0
768,1814,2647,"111# psop&s dills take in her came.. . ,• 7 • ill pecember whenclaim was. set up by- these"" • •kitsofrost„,a9lfllll, • however., a sew •.,,1 'thick projected ,orer„ oa, ettereerix,aot, the •abot- ""li..-the. only measure corth pursuing, tite'4il*.bias. ff,as set it 4 :sn thft; 5h4144. mot sail. 611 the beth tof solo of the vender, a clergyman, purpose of uscer a p., *,. 3 ille, 1,4 . 4wii° states' 'um's"" meat for the ' t 1 lal *alto tte ills, 'g thus, sat's set tuese -e . tgal• il *s.t. r. 1 ,de t- frorth contending fort"" . fgbrotir,„",0.4413,31,41,[1814],1814,1814,1814,0,0,0,0
769,1813,2194,"tis 4d 1 %%al ....• . 7i 0,_:,,11,:;,*m ,t 6'sl-t""n• •• •• 4d to 7s od purl"" ""•‘'.'.....-'-'-' ---•-- - - • ------7-1,11 .itpilic,,ca lea rki, 0butts, 50 to ritillis cue]) . . •... •pq '''....01 i)ditto; a; to 6tilbs each . ............ .•.... .••.' '' pito,mere! 'auto' bucks ...... •• • •~~,s~~dreviuc hides- . - ................... • ' *7_, p,ville cuacii hides ....... • • • • • • ' ' ..""......:iw*1,crop hide*, 33 to 401 h i for cottiog •• • • ''' ..11.. 0dittocalf skius.. 30 to 401bs .... • ..... ......• ...°i, n,4 itdittopitio750 uttoo8741bbss ...",0.3037,1,31,[1814],1814,1846,1850,1,1,33,37
770,1810,2647,"- :4; ''verf"".`4' .'""."" ' . '''' 1 t:o7""zitalatit *araast a affehbre7l 1-11 p; .neelad. h• na ''' • vs. • • • ea' i f -44. -- it ii better understand the aenti ta.o„o„„aviga ..,„„..„„,4•41 ott ,t;t1,.7-9814058edt.18101,,,,„-.7.,0111..,• -16 t 11l x eras .e•ptfy .chat at wasfi out altmot.. to tli of.,1, agog am..., men . • v .. , . • t•ire •• • s i_z__flan aralmr.taine .dockit that waddled and leisure of his constituents.g▪ •-• • - ••• •••....r.w„.......v.....,-- •-• • 4717 ' "" ..?'* l. . .it 4liettelialltertripeeietle 4ittaallit bens site 41,,':""4,_.• • ~. ..... .•, -out",0.3129,0,3,[1814],1814,1852,1850,4,4,42,40
771,1822,2647,"which .81,e,i,„c, ear party aid ape . e spirit withim their walls, which'• '' ' . ' i netionedthetiefere that most intolerable of all grievances. was granted hie. 'lm wet pink.teo.wn to preir aicestors. the abuses winchte ii „, ,e„ i is., , point tritfiestt responsibility. it very often happened ilieee granting otooey wiiii leirw attire/4v* ' ere the oulyiteeld gin irithoet it. in ragland sects an alma of4 • a.l• this ""„„assinber fog one of these boroughs represented beeriest' it, and the -sierefe of ‘4011!1'00.410 l'iltqulry, beetiestesd,hest alumildhclookod to as btoreirdent..la nsight.slist in the eafreaeatativ• system, onght sot tobe",0.4,18,5,[1819],1819,1819,1819,3,3,3,3
772,1823,2647,"here, .was apprised. of abe •triareetagtci tett in•tinee, ha aider'el all thetwoldi tee front the'frarealletiiwhb: idgetlat witialtivefseete, mi tpeittf ithtlf alatittivteritiltl 'titi undeetbe elvtwifilifenter. t 8 '?'fri titedit tiol)tfr,louring eletuen• ; per *fife lb?, cif tliiilirtmilltillejo tii,‘active, or lest cerfill'reldf '0'651;4 dolger, each enertifilauiself as if. lite praffell y, siiiottialfit '648. to save ir:ti,(rout destruction. lltetr . ortv„ however,. were. katkit.ialii 04e:ottit ; gdifirr oa iobieti-ilii lite.aligillifed, gbf• ttie tsrjetatne iki ti• dottaiorlkt-totipt.dittroexi. tor • ii4tiii. kills tioiiiriv't*rp-4rarsigetroifilie fire cti'erildiiiin.ii idly. it`ftilitibitilei. flittirrft£of vie 'ace', 'o4 tairlielflia*,. :am lktoitaiii':o7treaty!, pad of site sifei:k; **(tat )#te plopt,!*ial,chirry foooita :: .. l",0.3685,23,45,[1801],1805,1801,1813,22,18,22,10
773,1820,2647,"tly *et isnrh""perpatiet,'or send them &beat their business'' *thole relief. thatit wavdiflleult to do, whett such distressed objects pm""' tents& themeless : lk thine ntrinisers were so great; thatto lire* .dl wad-inspoleible- the pear ortietems nowwah .ering itul lhlt.tvects bad (homy asktul so least)bred eligibly inlithtie thebattles of this country, tsipreserve tear the blade we enjoyrd, and had, there-.fury ~a streag, claim en: 'oa luneieiar. thrra wasdewily enough' and there, xis limey cunegh, ig,eheiiceitryi td rillilea ninth wilde distress ; arid he hoped_ .- *al prat,shops,ka.loit:cen,iroek, !deksci,tyr7.;;;"" ii4;l4hro;g.h.i'ssaches, and to oti coustra to retiree morn en ,nn isestr roe i",0.4704,7,14,[1819],1819,1819,1814,1,1,1,6
774,1813,2647,"of government in that houle,when the soon subject was brought forward in [MASK],it was neither referred to a committee, nor were thepreliminary resoluthuirdiscussed ? in the present in-istance, with all the alivantages of preliminary invrl.lligation, they_ had •th **petioles 01 2q years•—heart licar!]-14 ph era he respected the nobleham; he respected the rouse of lords stjli more;and he trusted they would proceed undir their ewnconvictions upon the cate', and not upon the opinionof the noble baron.after some farther conversation-upon the point, inwhich lord grenville and the earls of lau-derdale and buckingiiamsiiire spoke inexplanation, a motion of the former noble earl's,that",0.4756,23,57,[1820],1820,1820,1812,7,7,7,1
775,1822,2647,"tra..r.: ..'s .., . ''. '.. i ee"" v. . .14.• r ...,,, •);3. . tri . ... .,k lawd04..trei •1 si ige .-b,• ,- .. : ............_ •-...• -."" 4 y. , * i•mu •••releven. .- - • nr• -4- seth mithersv *key be i • igun. flitklllint -• ' • rii4 efltary•la•-boone. • - ~•;. ,sn•u. the 41 ii:vlositihroltlpußn it• . t metes . . • i'''' 4fir 411110* ' ''p'4estor° * 5r°41149""1"" ""'ll** been 0'05'0441 lib nr. *di, frederick ooo.lger, ton* actg., t nser ..is. foil-sixeld lis anl ' l.l9rakif •of aeiii. rv: • ti. •.,.. ~..",0.4372,13,26,[1814],1814,1814,1814,8,8,8,8
776,1801,2194,"hon, pettey dthulas rey. law ..s peerqeneral dr lancevi m. p. w. a. go"".ntrts, ei:q.,t teary dawkins, lisq. mr. jtttne . hobr•rts, x cbriltewm. diekensoni esq. • john r anti esq,thomas day, esq. col. loslina roche!mr. dash c. .e...,ratlcelll:, et:q.ishoripie davidson, esq. earl spencerjohn edmunds, esq. sit john smyth, part.charlton eden, 'esq. isaac s' pooncr. f.' sq.earl of fite morriss smith, esq.g.s. h. foote, esq. f. stacy, esq. copiesdr. frank willitun.stevens,mr. george frampton 'wlatent slieldet, sq.thornas green, esq. ceorge sirricox,mr. :lames gamine joliii simmons,come gook!, esq. 'rev, john smiththe. rev. v. h. glatt* mr. sprihgettsamuel long, esq. mr. selby 'rcv.",0.4621,28,11,[1811],1820,1812,1812,10,19,11,11
777,1822,2647,"•tatt *i; ull low r: atouo 3 frosty stye, % ~_ s_ icv • _ . * iaitiwivapaianeiti.6.4cfe.:, . * 41.*.air,.00.14144 wthat b 4 wee (set atilt*"" 111.08e'tille'llemsit bode *llseml"". ii us; followinrpensoes are already in esetedrosimeel lif • 'haw! or eirseie yam /ws .•iogicltesti, r6('' io,kitt 1 litn wrenn ablheir /thf saifirbgiohbobbskotate soon, alumni. ,ifit♦triterci ' .here 'ii 81;by ftfalaffere “nrstftistqcorip,•giticil•nmso,ar-i t, .t. 9.4, ,vii al fr., .6.10.„„, adrio;i7i'velt.: 19 oa k.kallit la* ille'filiwt4ialif'qf 441rilontfir;:liellallirlestleitletheontithie4timweedaif mir tithvvesiltleiltkohnhanalem4lette 4441 alter • vii hipeelliteek. vrib• ""iirito'..;, ': ; 'as*. -.•;', ci; ;toli _ ''be""slr i""' i.'""'""ty‘ """"ina""l•.11111' 1'441; affr lwillhilh' 41""igklbeesseil",0.2959,38,5,[1813],1813,1813,1814,9,9,9,8
778,1813,2194,", • --royal, dlturty-,0.e.es 6nt evening, march 15 [MASK],servakswill perforin the comedy ofschool for scandal;the 46th tithe, a new melo-dramatic comiccalled •.lequin and fiumpo ;4,cnibine by candlelrait !,he comic opera of robin hood; with theisinhan in london.,tre }loyal, covfnt-garden.low evening, 'ltilarch [MASK],ed utz cainedy of . --11l country' girl..er which the new farce, called- at home..the comedy of love for lore; witlrtheliarcepay.,respeetfully informed, that a new comedyind will be produced as soon ai possible. ,, .• oratorios:theatre royal,- covent-garden..13141 „ wednesday. next, marc-b17,ll.,e;;;.'llorined for the only. time"" this season,44'44 ofmis and galatea', tteahy tiav--and conipb:,ed by g. f.i-landel.( w •",0.3531,10,49,[1813],1809,1809,1802,0,4,4,11
779,1811,2194,"ci' lat i t .1. t.::: iltt 'i! %-""eitt4t:'l'licipn'tirwlz 'll.l°llltc, i'll1,:-,:iitt:,..:,!:‘""rf::4..,41:kai i--y 1"" thc i<oyal cigar& mid i lan .li ~,r wniiiiitt °""to the rinaldo. r -.i'it. if.,.....tetir;b—trl/4.;17 of them' se 11e1. 1111;;)f(a.._...,-----;-ttdiert:eloi----...-...tit::i:jo4tligiyilin.:3,*b„si e• ve"",tvegsels arrived at roll led teo (ici' l'6•c_lio_aenvetilllc:llolel3°w,rteoinaigaratiii9:7;:dtii.r,tiel4:ctiira;:o3ri:riat,psl;)°l:lll,llodiull'.;:i;itomo eitquay exceeds 'ever)"" illillri ""'ell in re;l7'0),,..11:10 groaning piles of cotton; •wool, dit!•4011f;nr.r georgian cotton-wool has been sol,l a fott..moscow,mu• per poo(1,- but sorne orders corni:.g in fr°l.rapidlc4 as el'nets i°ssa.l:.p' ekl or.-note06' etcent.e. ir itlite'lia°,l ci:eel:till, seepdestalp.lilletipo:22ietrin2 ""thisildfirrl;9:l; t:c4:ll::::rci‘c:l3iiiisi'll°:ol4l""4l4.c)del:ilitt4lt:ti.,_:::::::.eajottolnotis.t,;(:::::aa:31zilbando:;c:in.dntlsro:yirty:3tibleerg‘cvstaoceni.:irellirttjtieg(c)ll:l4;,:iwit:eillellll4:::4ltitil),lrfli:ll,l,°tl4l;:frilcisi:::4l.:4,ll;',lo money rot american return cargoes. 011 / 4,y't,..scnte sales' of logwood alid cotton-ox' .'d,, tool'_lolling the american consignees",0.4494,35,17,[1814],1842,1844,1850,3,31,33,39
780,1823,2646,"34st regiment who aro to rrierm thn eatpcar ceoreosiof the td veterans,fron lowlesiglerry; get""lajor memo, ile .11 .from•charliemoni ; .asti ge,.,,,e also1 nous, , kgr 14* le all fa he inengios 4 it,-anse.• volunteer. 'l`' • "" • ' • •the 6th (er tbs iiiithilisjil ;rids) regiment ('laser.; krarrived u wroillidlq 4111141146 t the..dursetshimarie *du'4'bll6.ftwn &pitt t, -• . _,...• -.! • ..• • -01 itsthe ilth llssemea iill sari probably,eh,iiierni‘.,:3l .. . . , ..'re detaeintsentelso the wale • ~ • • ,'of lit(aatry, whicia•sid.• en board the jilmi -*tit, and tailed, frent cows; ea the 24 noseinhosmittterranean, viz.",0.3428,26,25,[1814],1814,1814,1813,9,9,9,10
781,1812,2647,"ex !lent leasebold residcure, baum, held fur a tens of 61-).ers, at at grimed-real of 121. db. par sown, bumbtax r••deemed.br mn. williams,at the auction mart, isa thursday. feb. ?i. at titelveo'oluck, nolo. preview atop:l.rd of by private c4drort.a'. capital leasehold residence,.cm, handownely fitted op. with era, b.imosike and t m.,..koan ga.tar, ue. re ow!, inclosed viiii in* polbadoes, and virtlen. soit.woe r a or.pectattle family, who nut/ have boasedialt pat-seal. , very viewed, slim., solar nardi brispat, moo bids 1may be viewed till tbesale, an parliroitta lad 4-lit.r:llkialry-tavern. kennington g prince sof wales, wilma i greyhound,streatham • rime. arms,",0.4975,11,4,[1803],1803,1806,1819,9,9,6,7
782,1811,2194,"%fost,""ilpitit °i. strop composition, ot two qualitiesi: 3'.;•••!••nitt,t. ..7a.,/ r.ose''shifing paste,: for-- portable rafvilingili„'44:11119 '0....,. a :l'ablet for ,peilicruyo,4as.• . • 6 t:charg -4,,accutaioy,....,c,,an the magnetic . i-aoje; wit oe444 e ' waerre 'a'pllyerias is ulathrtir either siri)l) 0l:1tblet,141(hiev ioin.,--i :e .....c.m .:,, ijadion is not yicau""' •",0.4223,36,6,[1814],1810,1813,1813,3,1,2,2
783,1811,2194,"on..thc•-loii °l-di°*'un trade. of the-i 41,1411.101; itk.ic.rohitit 'ii awk ins', 'll/.l?..e.!coning,prt!p,,, ""ckkile,.,itin, it, p4ll-111.111; 'aii( 1 ' • ,1:4 1,pie,,,01,-„, ,-"",:, ''si. 6,r.- ''''mutint in ty he it4d in%itn• p""e, ?'he s,,,le1)111-137 was publioe4,, ~. e.s.• ofa .;priatn,,;,,,! f,.(t.,...rn clitirgecit-tr.gi,,,,iteases„d... hit ut(e.11.111-#111veatistre, ,,i,""''' h., sy „ii).mn attentli :41ta 1 i,4tticulday""tiescribmg i ' -,.' ruias,locontinti,-cyngis!ritture6, 'cleets,'()l):#lrticl""!""...-1113a ~, -ivy °i chi 'itjrllll 81c &e. i n4vhicif is 4;tazic4;erti- litibioo,ii4 'e,'""lng ,tile tirtcacy 91...1).""4915 '4.,-gonot.rt/titclit,;,4ll; u.11.!.vi. viid - !life a11:111.n1 '4l tife.iwitii‘illv. x tr4at b1 4 ya.,,,i i tl,l:tr.liti un (...4,1.5ta.. titm.lkk's!, ,:.! .di44.gli andttifteicy of thtucual(tir:tlcuttiimitti y proving theill;,; .,pirs,' w '11,1.1",0.2685,46,15,[1814],1813,1813,1813,3,2,2,2
784,1813,2647,"' twwwbinli4 that _lit ..._ . 40009dog; `war -ilo. jos • hit', to eiiniefi,typt,-4iire tta.,,sees *lei. imply; ?meson ores contemplated.temps of fheijoeicuiitori-imlthotigikeoh:4l,,titsv tnc coustr.--fitse, asa esiht mitilargn by„tier husbarid,lfrarvott•b:ainpi.;•;•o6' gatisictal lest,:!'dirfiffiek,' nmi 3w 49nhtttite ablityr vjeked.s4oaejelliesamiot fit-fletre,,e tad itiiliain napier, oesi,,lntitsilistiiquisly f ten for the express purpose ulcreating aq oultue.im-mictießalx4llrf i'maivkistrs e/21101d 4to -iv 4$00; 4, presign in the ""41td of lk 140114111's ,wife, and con-us,. on an in ormatisg,tsliergcd with deliverlak tat clelfflis• fu% i.lqatia 11:•atl,p gi""pils77%/0""464"".f?aillnielfl7o4terpsit st,np. agsi-esf4, .-..•-,. .: - -.:, tr., ::: .- ;-. -rok4 14 sin so • ; short 1,-..iiraittalti. ;the nit:: • eurtas",0.3317,50,51,[1814],1813,1813,1813,1,0,0,0
785,1811,2194,"anal her'phri proposed was,. that of,giving tlie'.clergyiniin,udit!) licti of- the tithes, and ibis plan; 'upon the '.first view of it, seemed liable ao,the fewest objet, .awns; hut upon examni.diint, he foun4 it like the:others ti.) be' linpra6ititble. iti'the' tii-st* place, itwould be throwit,g- an, immense•quatitity ut landinto mortmain,,w nice • was highly oniecnotiable ;'bill the.sreat objection was, th-t it woold,ope.ra!e. must ulustly to the e'er...o. he bad tounr upon.• ioquiry that the lty 191ropriators,' who sold theirbrats tili,rl other pins of their 6'o ateli, !willa not -get 1rriiire, than 13. '‘e'rrs' purchase tar them, white thei,l'ice pat ' for land",0.4693,52,32,[1801],1810,1801,1801,10,1,10,10
786,1822,2647,"be übtaired the ci.o solicitor said the case wee not reported, bet cases, dec. 7.-the country is much broken np wit%yl5wallingford and wantsge coach. throush maidenheadrains. lo the memory of man there has sot been wit.thltfelead. and harwell, tuesday, thursday, and saturday at any other house is london. braude, oust all other ar- it amounted. to nothing. for the question as to- the eorol•mornt4s,•st il petimg madly reasonable. d• sassed such floods. a poor mao of the dame of doesment of the decree was not pet in inn.; it was-a • • •hodellilleji and guildford telegraph coach. through seasoned floor",0.3583,45,23,[1852],1822,1822,1822,30,0,0,0
787,1822,2647,"liverpool interested in the trade of foreigncorn, regretting that the proposition for permitting fo-reign corn to he exported in the shape of door bail veenabandoned by the house. the right hon. gentlemanstated that, as he was at present informed, he felt in•selined to concur with the petitioners, and if no memberof the agricultural committee were to anticipatehe would, upon the foreign corn bill being committed,propose a clause to that effect. he begged leave at thesame time to state, that he did not altogether approveof the tone which the petitioners assumed upon thisquestion.mr. curwen coincided with the sentiments of thepetitioners ort",0.4573,34,52,[1842],1821,1846,1846,20,1,24,24
788,1814,2647,"this dreadful evi~. r 4-;.., #i""li frit- ca;raio to approach. bot =jr. l. at length ate' him to ; • • (rie."" the division of troops ender major-amens! .out their persons; ibex . , e.pfe- assist , .sidisiteig t. •mar, -and cot theccods btu he was isibennesbed, that be ; extraordinary event, cannot he. ascertained la4ip 'lllol king the bonnie tv* • ,gpliposio couldross, effected a disembarkation on the 11. th 'sept. ..-,lat• . •i. ... . _ . ... -, ~.f. •• . move ; bis hands had been tied 19.1101 into ales die, fierehe oas. pot yet recovered",0.3738,31,45,[1813],1814,1814,1814,1,0,0,0
789,1823,2644,"edishoe. ihm.•wfiriatee ei • ism enpstaked a sootier to mc ekokleepee. if, wend with their sue. cs.mei& ern, aq-ebeeiii awe se fellow up she war whilema ablea:611:1. kers. tlimat. liels. nelea 111111e4;seem. ilerdeereksit is eiriessest diet the depattleent of com& the intim nt *etre. this pair, evatteelly , it. itemetsed. wisthabluesk wm, ilipplimpar mb -leisa_ oiniviii azi4 .ao lithiglitt, of thelollithth fell f' mewed osetialpithis to the 11.. items, owes me opres& bole is m.ea ramos..44 uses. itammo, be deeel. from.nalh.attamecatie= lisomenet.summtaksist. la. ilisialirthet depstrtentid sot swept is. • • . h the pressfati 4 fienietios then we do happy",0.4177,28,52,[1819],1819,1819,1819,4,4,4,4
790,1813,2647,"1,.: .. '' ..4 '•r • 0 :'!.. l'ls . _~ , . s, ~ :, ..., . .• • ..p litc4 •' ' .•1 .• • . *• ' - . • - difilik,_4).- .. • )1•;:, . . .-•.. • - •.. . • .).' ' • •- ' * ~ 4 piti.:,•••' i• "" • •- , . •- ` t ---47 ' ''ra co •. • . *.• . ..• vinf:- ‘' . ' i. •,, • ' - ..; .m 4 ' ' ' ii 4 (... ,6,.., . ''. * ort -‘i. .. "".0",0.4604,33,53,[1814],1814,1814,1813,1,1,1,0
791,1806,2646,"mut. 12 escwas • amp mot sots lit lithealba tardr fm lb aiim wag* - wks ladt paarcodteustatekl. lea bombe wenilatte. woo gbddats wen alp* et ban ribiteets ays. rub par abodiß *at di ail! of toe imiiis ittly. by a umtem andantino. mold a••,;traraftstai lisiesendem litbyfactt sessuripipieraf clillimillitsl1 zimilerattles la epee if eirae desidba.'inirtfaesemer atteratiiiteli tiiiiiimr 010116)04ter meg'oat theitattlearebillitleastbewtellazotelb iiii&siffitem "" wetildrati in sour almet'itrbe ""sw is miletdadiatto silillbillbom will be etirserad. . b. • .•itis===loli 16/100.4ibis oatimitabasisibdia' ' ' • litstaialsebellleallit=11& 111110•10$ walillt 4fidoworailitasx""l'lsatiate. kerbs at the 84111.1ess et wm pd.iir—uyatberellistatabotayear;ll•••olo de ibily itlmiliblibah=sad to eripikiko irks 0",0.337,53,0,[1857],1857,1857,1857,51,51,51,51
792,1814,2647,"her of conduct.tabsd-beentirributill to it •, . .~ . .slaughter auk); ; and mr: baron 11111.,susseseasystl i '-, 11141411h1r,olnet hid,' livid tielevage her dosehter-by the diteuthint's ce4titiel."" .'. k•-• lik • •' ..ons.firlei""gisowitignieissjoiatoe. •:-• .• • • ~.' ptirfeitfiqr - 4isolitien. ''sbeseedkithappekaineet said that no loss of sonic, hnd bee, pieli,jitr , :40 , ' ',..''t - • ' . f- '. : ....•f- . , . •\.- ` .- . amp 4ipti, .j. n,:4 . . • - r .. ,.... •. . _ ..•• • • _ -....i..1 .a,-..5._ .",0.3729,33,2,[1813],1814,1814,1814,1,0,0,0
793,1814,2647,"_ ___._!.......:..... ima bee.....before eranted in cases of :tein best, who sued t,o be divorced pont his ' wirs~.- -..ti01111410164bilorpviiipicie.;: fallaioili - t• , :.wet p'l' `f wkilidips :in a walielit fiat ta • l "" •oil lathier gproceedispt of heigitoshapiii.,: ,011 ..walker} the wife, braahf pllmovitoft4 7.-p%.ts,. . ~• oitpof.wormeeken await chet*, . . 5....`stkintlitleatabackgolita‘ vibriettitry44l4g ::to ..,billitillelidtlia asials trowahs nonionic., it4p....„.witelkillar.hii*lureated 1401*, netocott, w41,101.i1l sinitert‘oeinitecir.bet).flea. 20 aado.3o.i eiffh diatokan.ollntogriallsiirelsof - the itil9. tiltitietrilltivsele.a.drhoolikortikgea of opioioa:. t,eagle heti tranteminiaoille taco fnt the pa rt*- of111101111ifforrkfdisinimpski tav suit. - . •k'''}% 4"" .111alteltailetagm= - tl=pytititte:thhif repott:eottirettpi, .. .litlicrwf rt.‘6 •",0.3337,6,31,[1813],1813,1814,1814,1,1,0,0
794,1807,2194,"foitng v. ines, viz. 1. wenty i.llqtlsalic:lhi' holoes• white and red. sli:rkting .ell amp/0 (irstevtl2°° cases, each containing, ic.:o liottle.s),.. apt& ""ecullog7'eads ccm( ft. vinlage rtioz..' . . . -tll e ab9ye,nv otes are.of very, superier.444jity• -- ' • . -4 a 11144 lt •r. i.)talticuaars apply lb. messrs. a liniellt: si-,e and elgar,i woexe‘.latalogoes ands.imples may' he proeurcd•on the day of s.t. i-: - ---% t also ar mr. edwanl austen's, nii. tg,tireltim lane, london, ';whent • s'ainpls'.lriay -be i""te',l .at. , i:lrven o' clock precit:ely wt tuesday morning, thle,2•4lll:4et•, • prior to the s.,re. ' 'ai(hly and navy",0.3841,62,56,[1814],1813,1813,1813,7,6,6,6
795,1820,2194,"""• a. h. i;-hest ""1"" '''''''r-,rro„cs house, i"",'iltl'el,l a. ti.e earl ""i,,liv,j'""„id,..e„„ing, atti, ivitall, tet.ieli sat till i ...,re.issuedyi ralio,berttitt).':l .rk , snininons.ev~:•vt.atet,..1,.1):tnineon11,01ing at the miut:te,all c'ci livatirool's house,1,,i: flight, at the 1.1,---.. , thry c„,,,lnnedkil'elt took place a, cututtigly•,_l.v. they as-it i:','4 till twelve. yesterday a,t, 11-1ilt4,'.4letid( the i,s,irti,.al othce. !hey continued;"":, about hair an hour. in west'litibl'e prtpara:i""""s fur coronation'l""idl,, the courts of'atet. ""au p""'""'"" rapidly.''etaken doveu, andlt,,ill„ '4l bench and ci)ri,4`,ltlitire brill is c,,v,:iiiel(clet%l?7ltalir a strong wooden' the cfm,ttuctiun ofqtlt,,anizeanlcieerdyon.1:1e.,illt(1,:;e.t it side or the flat! coin',11.4.1u, • iarint,s,papers in the 25th of april havef assembly was dis-*lt'll",0.4279,44,54,[1813],1813,1813,1811,7,7,7,9
796,1814,2647,"of the'highest satisfactinnjilititkritsti.tdinttirition,.the deck-iratior of that racific 41.44 sthfilt ;he entertains, aidwhich wellid iioo:oo.4e,iiek ire'difitakt)aili4hlioll'rranlidliity,111' ptcicei,tinitiii-stire heistilf t ibeelsit bee.rphicid in amigert and bet jititp44iiisli;a4laiegard.'fit. "" ft *in litilthitit,tirtitoy.itunybliiii block would,erkse it *eels! be i*-.beigienti • the loos i, of ,which'.frince 4witiot :hat ,reserii with concetan,,,oo4. only['from revell& us a maritime metet .:of iview‘46 kaot.ftterti .elitels may .be considered is*i7olding',feifiriiire, 'bit yrdeilbt'de6nceleis state in which broikkittioil. { . .. . •i. pillar e ocigkildi.ng holbrodk. and takint iv ili in%"" tegralpiitt cletbe freugh empite., bdimiiiiisliti4jilrivilon the french, froatier, france . being thus placed ,'in `danger of military invasion . from",0.4889,27,0,[1801],1805,1805,1810,13,9,9,4
797,1815,2647,"-• ••illiam il mountain, santee's'. head .1 • impeftlit pi :' .. 4:.;',4 , ' '•,/,, . . , theatri royal. drury-lank. • . . .th i s prelleld 'evening, april 27, ""'their 'w - in.n, snow-hill, lonhon, would contend drat therivaianylitlngimpiaricahle • ' 'tcshaoits.ifottitherehoef thib regulation to the balances •• - -- sr 41*.th...*:.,e1.91111 perf"".flo . the best aceesiesodation foe travellers, geed • ...111111111""..."" '.,• .. ..,, . • •5:11110111dk off beenag!raeltil r;tsioutili proff""itheidedir ~..00r ‘.....'""' ', the unknown guest. liquors, and moderate charges. b4ll' elluice 'l4'fstemeinel' 'werehofill/srilgistrobeardf lotitall)s;ffig-casealwilli,ssarj.se.40.6-inr. iatoillitli ttailhger:fipptaithadi• • mis•w•-;tii which will he rvlded. the following",0.4327,49,28,[1813],1814,1814,1814,2,1,1,1
798,1809,2646,"atli's'iliaartd, price 31.55. t and in ingterial lao, vita% preolini-pressione,ptice 11..1a5. 'covtarris the prcrace ; and, portialts, ofthe king ar.d ,queen, of bart spentet,•adinira; :laid hcaoil,the bun bishop lowtb, 'and sir lucia p.opys, viith abbot:biographical notices.• • the second number, • containing. pettfaiii•ot fist: lateblariop portcus, earl st. vincest, the sate mrs... mailmen, lordc'utncellor :rhurlow, lord hutchinson, aitd sit joshua reynolds, with biographical notices, will bepublisbed in a few days ;and it is hoped that a regular alontby publication wui ibis tina7tolishet.l shortly.*,* a prospectus of the work may be bad of the .publlsll.wa.contem portsild 111601a.,hpy. • •• • •this",0.4441,5,11,[1807],1806,1810,1810,2,3,1,1
799,1827,2646,"mk ' whether, this 'measure was intended as a rsi;rv, turas:4l7f. assiatal; lemblfor.beltelen, 4 mar- o d yesterday ,st lai* hi ' smemtas: routes,!unseal tares_dstunsi ea to the palace.* •., f ••• • ;-,.:,;.- „ ~.., ...,,, •... ..: x3(111 ow~90 29 • . anamis towards the spanish government, or mereirat sing,dta....-......,'f0r mika. ?used by; in. nommeadr• deteb •ow,/ wo. fot ii!!„14. lied the mafiosi, wont,. herja. arrangrmilits.trabrit tiii-,pv4:1411) and l'2oo ditto 20 92i . • ilielt ler asia. 90* .-..i0 . a precaution towards the swiss, who, hi the presentmica ; and his maszellap anaemia int vera crag. llas",0.3037,36,28,[1813],1814,1814,1814,14,13,13,13
800,1813,2647,"is.• - - . 'to nierchants.vankers. a • •.t, na, ~ -..-, ts, k‘• .. se. , -`r 4 '~ 4,4 viati‘ . 5 . ~- . - •s ‘ ..,- vim's ''.„ . rn,tirr.:;.-7-41,,nr '• , ..;•:.. • .art, a .4414 5. r... :: : ''""-''• a "";.' a• ' ''''meeting/ will be held --oa . -i e4.,:' , • , . ,""r ' , stiweigli ,).. ,' • le' f, - ... . 14411'**' •-7-"":"".----. '. ''• -.t a ' -'•4o,- . . pt.., .~. . ~..~.,. 4athe 22d umtata, at the city of l0n139/1/ :ta allfff: ,•v",0.3124,51,10,[1814],1814,1814,1814,1,1,1,1
801,1813,2647,"i. • • , •*: fat . 1%, .. ' ? .•.. . .-'a. : .."" t. ',...irl.r.r""r pit iiiv 5..... ?at.. its.:, . ...._.,..:....- t-it,....•5,•••• •-- . 7, ••: 4..,;..., ~ . 4.4 „ .• . 3. s .. r.- • -i:: .. .., , ~„,..: ~,;,/ 0.... .-.1 • -i~ • ,-.1,.....,.. • . .•. • ., : $41)::, 411*1 .• ~ ..444 •• • ... . .si • . . • ,.., . . .. , • ‘. . . ... , .. - . . . . . • •, . . . .",0.4236,35,49,[1814],1814,1814,1813,1,1,1,0
802,1813,2647,"secaritiet., *bards exposreor orrj . . . r74,--.. :at..w, i 2 --- r'.llflik ,k) .a. ' ' • - ...d - • 41...-pr'w low - 4 rappu . gli .it ~,',.?fh....i. 4 'rip.)wm 016 4 ate* ow* g tiory elites word , • 'pi° 5,,....... a,\• - . y . rallt..l ~ . tau• • tit - ^ 1111.1111/41111011110110.1110 • . ~c,:, 4-•- . • . t .pd/ ‘: inv la itt ` 1, .. - ...hossort. romany wi m•r• 4141. j.,. levet seides . _. • k- •. _ - . kid* it '. '.'""t .v . 917.. 99e%",0.2238,12,53,[1814],1814,1814,1813,1,1,1,0
803,1814,2646,"!i-ran, to commence from the decease of tt isktltlcla3ll. agei 4.pear and a lady, aged 4; years, at a low rlcierted-rent of'it 15. lis. per annum ; and thesentainder for the lite of a gen-'itaged su years, at a kivr reserved rent of five boundsper annum. .to be.viesved with leave of the tenant, and further partrhad °arty days previous to the sate, of messrs.' shuttleivorbhi kips, solicitors, pt es•on ;at t'.e hotel, blackburn ; theprincivil inns at kirkham and •lionitty t boar's hat tb e° m, boltonsetae siotet, liverpool ; rattle and child, wigan ; e art ;and of messrs.",0.3232,54,48,[1811],1811,1808,1838,3,3,6,24
804,1806,2646,"t• -polil7f.wipe% ow mac potiase...6o* saturday, the twomen and woman. in cullody sin fdpicion of being ,cormaned in the murder of the above old la t, at'her hoof* la horfeley down, underwent a pnvateexamination, before mr. gra mild. at bow brest, forthree howl. they were examined feparately. theman whom rivett apprehended on thurfday, turnedevidence, and gave a full account of the atrociousconduit of the attual perpetrator of the honk! deed.we undcrfiand the villains were in the detested'shonk eight hours t they ftrll knocked the old ladydown, and the mifcreant got upon her breaft sod cather throat. the woman not being",0.4979,41,12,[1803],1804,1807,1804,3,2,1,2
805,1815,2194,"..... •.;.,s. ud. ti:::`______,.""5. of' 5 sunderland . .......... .......::::_____--------' -""—l'l----'--- ----aj4:minm, last,ltiv:si.:teebdiii,eosl,,,ilsanilysi.oiata ;:(r)ar:ftw.t 1,%,:*.t.:0i1il lis:li.:.,hgere°:::. '::::: t:ibce li: jd:.the bey. c. i'. burney, of a son.--_—.---1--:-'. -- beri%iaititied• tx„ioael ).1',,,/,oa tuesday last, at '.'s:orivicli, venr,lr3:f lt lialjohn harvey, to charlotte alary, daug!''l tactall'ih john • i.ier 0,esq. of watton, norfolk. ' i,cst daug""'oa wednesday last, at st. james's ch,2orucl;,of' esq. of tvatf, ri, 11e.rts, to georgial?3„2,b„,; 1i1ac,,,,„,00,,,,the late george philip litre., es(l.,otistu gwilelll"",:f itol.a—s.‘()_._?i:?.e 9th of october lait?ir 111‘1'),v.:;est daughter .i'i(l.7l,.:;cetehrity, to p..is.l a, „ ~,,,h_yard•v 1 ~ est 4. formerly of plymouth ~-, , .foilr'111; di i--stre(;t, 102""?,.titi,aolt,..,a",0.397,21,31,[1813],1814,1813,1813,2,1,2,2
806,1830,2194,"vaughan, youngest &fighter of ii""""-t.pv'elwra• , , ~.4101 ofwed.oa the sth inst. at blackheath, in the r)111` lik/34aggleon6vancrliti,h;tile:ra9t;edthgoietininisiesttitad. leairsntrnaiaar i,:c'die,brior:rcevi'lie.:lende::'i:li:lp:ll;n'll"":.4-14:1::;,1!~ „. 0s. booth, of covent-garden theatre.alsry, p4l''late .i. carden, esq., aged 86. n ri it 1/1""'on the ith inst. at illeutieli j'o• 1, ' 1-,e:'esq., kw of the audit t)ifiet, ~td ti 4••7----1-1)t) vw'001.pit still and p 9111.1140110op#susstilt orpcs, sl*• r,",0.4891,31,31,[1844],1844,1844,1845,14,14,14,15
807,1813,2647,"t halm vb. allies in great variety as smut ;id! ['rum the mas,ildirerai-mnifeeirthierife above nock enn -i o(a9 a soil 4. pthi-es: , : i s. i- .' riu,,r, or tr, „ow.. ,rod..au attioied whit' nf.flo.'s offices,,_:_. .., il . . ~: i turns,' .4 jteoilletu'llifj,orte,4spo 4trildi,cui galstielolop ex-, • tartieul ts,•itilti eartis:tb ile\v‘litimetil laid if motoroilliigiil- ?ci -dt.t e. ,saw tars. ititpx rett""dieliorov istilicithuno. ii: i'marry:l- ' i and n,•: 3% althafe. iligv.! belt m• 1111, is ro 'well lilted foe the countitigrhouse of ,lie hip-, ley awl short, foote atenis,.„{romistatame, dm. 65,.cakmaii. .0119;1034' bar ts;imasticlailia. sad aii..4lii• sy,rfterats,",0.2563,47,44,[1814],1813,1805,1805,1,0,8,8
808,1823,2647,"prinefpiti whichlin that petition. • . ' •diseppremed entirely of the les hit* or three• the ""olio*. espeelally of thodeorehlels re-ef the sigma sad row , the tithesi=re *pa rapport al pig tfirlstioss retj-i they warm top loath* for •$ orrin, *ereiambi that thiy 0410 te•beireilleasi. and told.the mime varmoor es say ether p‘bliii•"".~. not thim;.• however, oak the reverses. of the-iletelead were, opthy *holm tbo mvob ; al-'would admitthat the diavicevel endalettibeilba'slay. i. !,deed he theegitt,sml the dovish~care rotn•evialetent—spor* ikon et the pre-.wool* elle,. bat this was rot the oats in~.iblitlßtolig said a. few wordat we understoodleitelpeti doe. but",0.3942,2,55,[1819],1819,1819,1822,4,4,4,1
809,1813,2647,"' 1 the feint was then ordered to stand over until tieres x/filin--iny-1. wvv-wrtir-*--4141""""44a-it-947"".' - 1' ""it•ittell.liyasicatzit'rtltoh*idtrotilefut otif.evied id very re;oflat l die tly to the par--9rigi of 'e wilkie tie rim/robs° ti 4 lkialveki ipectahk. a jury in. the box, he almost regrettdiforot. ' • -• • • . .. ally: miegea's ake'. (traria held did &it' proceo.—,toiii&• itc sii*nretj, blipit:l3 'fioaiiver,- fluff ad gift*. 3,lfry,thanaa weft be cdritititied tentit wo dtzt • doer the businessitiotiale, sit! eviielfin*vadriti : the aff ori,ie y-c feria.% i, silt]; :ai -elei44l etror'gi-at:,' hill fiolott eliticovereil •rtf eh iiiitictitehri dot! therefor!-• • ida.",0.4369,49,2,[1814],1813,1813,1814,1,0,0,1
810,1813,2647,"been. gni* wl**; policy which: regulates the most im;so slant acii,sna.dif .atts, morning,. about seven o'clock. i mink sbe„sodst have, , 449_1ausersvish. he :altair), for iestance, as a,partial num..: its otiose.? .t we are much mistaken if this as ape- . a."",b.9iihnon'ti'chon ; • sbe ';(kihe.:eastvia'd ""der ii4•l*6- .'• ' 'lad bir ,thir oriela.” •, • • • , :. ~ ~ ~, ~ imake or. ores or 9oubt, •f ce p rimalib• . r; • f'''' the miistigentiisielsoifirialaktbatikoitilltoillaolt. • . 10111sots vit paatleir:tweich nay think, from our very' sure doe"" not more cohtributato griped the'elites of pad w"" 'i.",0.3645,28,2,[1813],1813,1814,1814,0,0,1,1
811,1826,2194,",l'atotl.te..., of the /3“.•' ' - 'r. • oi..tclllrch,.- 1‘1a; 141t11411. -------,: , , (.., e ,ocorge, exti. of the same place. is'i.etaf $at niton 1 le of' wight, the 11ev..1..,?tit james, . • 'lst, ts 'tit . -,puntnaen, glsunoiganshire, to citi;rlfitu.., ilatic;t.tal of • •rhontas walker, esq. of ( )agar, esq. %. ortilirtrev. thoutori worren, of iyroyton ht•,.tse, ll'ercel!',l,..loto ann, relict of sorgeant iloinblower, 7,-•.. of the frs°' •1•.3.iron 'works. . . . ----• diem i%o'at an a:lvanced age,, the rev.. thomas jobnctl, f i,lo',jesus coluge, cha::cellor of excier, ‘rclideocont,4lg3a,staple, and 'vicar of latint„, ile tool; tl!e (14,-rce °voirjuly,",0.4245,33,48,[1814],1811,1811,1811,12,15,15,15
812,1810,2647,"' • * . • * . i ... •t' ' • • i .7,...1:::4rwttl : • '' .11 •• .'t.: . .•:,;.. . ~!.."".(..t, zl.er, ••c t. •- ; • -41 p,,, . .. • • - . ••. .• \ : '.;gy., i... 41,4,t.. . ...• a&a 4.- • • • 0., .• .. • • .. , -:,. •ll;1104r •• • ' ...""- i _, • • - .s.t ...u.r....ix-..,a) ,• - • , - •• ..1 .. rkit,, . -,-..k.• , -• . - ..• x ~1 ... ~. ~ . ..,• 4- - -pa .•-=,",0.3478,40,49,[1814],1814,1814,1813,4,4,4,3
813,1818,2644,"of !to al, /i:tiotti row.de. t 11,17: t!1,)315,.,n, 0: r011t!...:t :mow r squat •dr. hoar!: t joit:4 trton,nos, r...n;;;.ts coor4, woad-street.pr. pay ro re.tws. nt thai:eo assn, llolhart.ily drazro: a. ii 1 1.; li mtlia"")•:. bite..•s 3. 117 place.• it mornmentl,al in flu, i.7rostnatt.:e'o lit:pert, that, sochain. . cu: i,fr:- at incort any i'?r.:r tots ai s a:talrear ui tit:u.: !louse, arccra•1,4; to ?raie. r.vviv,:a from 1.11 the nobiay. beivgov:can ; sly;. n:• sr c.,tv:r.ora as shall have bean, onnr blo'ext. t: (la) td tl.to ze!...t, s sisal the:kw!: et lenit,:una.",0.4865,37,19,[1813],1811,1813,1815,5,7,5,3
814,1814,2194,"details of the operationsith titt%ti ,n. apt) rgh, under sir george prevost,stir vear. in u .lotti l• ri,,.. ut. preceding columns, have beenntly tiiiap ""ckt the result of this expedition has(i to d pniitted on” . • %%' on!,! be, 11,. . e 1), --• expectations it %%on,4' 44 • ' ; that the loss of valuable lives in441illtli f hgcolini)t qr, isnest,' where so much was to bet(illte 14 %ilea grievous affliction we will not at-def lift4e 'al; but that any important politicalhi 4t es are like] tll, cift.y to ensile from the partialthen 'e ni ..raia~, lasure 'contemplated",0.4901,12,45,[1813],1813,1813,1815,1,1,1,1
815,1815,2194,",e uniai ii..t.ttion -li..1..c.,. 1.-ar-ei-fs:can"",lic\-) whet[' i's!i1:111 present myself'. f.or,ttlie'..hloziiir,41;i, wh""‘""irstg'es, c 0(... chins that i may refer }ot, fooidischargeli/ 1,,,,'1l in the direction-, as a pledge for a faithfuli; 'l-""""ty in pro,nothin• the weilare and prosperity oft.e'''t flitia com r'flv. '''1 ri,panain, ladies and gentlemen,with the utmost respect,your very lite servant, -z""'ecikilthui'isiilliam wigiiam.zl' trpperi-falley-street, feb:lb, [MASK].'or(-171.0n1-110use, london, 17th february, [MASK].'salf.; (by order of the hull. the co!n-,,,riissitmers of his 1\ lajesty's cnstuin3.), on wepnestzth,. the e2.2d;tiilirsday, the '23d, and friday; thebk,s'istan% o'clock in the altitneon rif thc saitl 4111 • preel'ely, at the commercial sale -rooms,eig-lane)• the following goods",0.438,38,49,[1813],1814,1813,1844,2,1,2,29
816,1815,2647,"• itarnd„lkabl""64""ated,""ll,l4"" five pow, worth of the rotear.„ 111741101uort 1101 oft lt injultell rut oestrous , appleby, giro.v+rififivi mcinflond• catileclek,%oo- ... .aisifeestot, amain presoak gem ....""' ( •'•• • - - -of this country being immeo tki.ollblan ds. eine 1... algelird. ,-dowrolenes nm fillelowlm • manly, -from thilettrar • iti7b-m, ' ' - . - • .i (ike etwerxt way by origetece minis sees ..at ev movotee. alb, prevent year; .•.,., ri . - 7 •' • - .......•••„311•:.,.„... . ;a disc:mat of set per one . vvill be ellowaili or era 11.1"".i!sr war ; and the conseqeent von:,, ten",0.4318,46,37,[1814],1814,1814,1814,1,1,1,1
817,1813,2647,"7 ... • , • t-.oil '.tieft ' tni, that if iliii.l)orbir7 them tscouptidt •uniets. persons -erbp eau •*-imnite- co hi 9......_...02121;:l...........1„.....;,..-......l:-...;.......,-.::________. :,-.l', .•• . ••.. .• . ,ti hitit its the' •agri•wrihte lar..cdnfebetlee ph awn. it fiy.:not detained-the i ,.-„. , . , ...„ ._. ~ .„ . _ . • ,...•........ _p,....!,x. i'm! • gr!lulle 7116. t .•`"".----.3 -----+, .- .: .- ~ -t• 4f • woo tow pm mims mos wr.••••••••••,•iiii.. i i iliinnaidi_. 'r- bill, tlehiiloplieetietil*ialajivered .s.iit to plaintiff i • . . ore,_, '~ • on the 15th, at bet house st itttey, mrs, russell,",0.3026,53,55,[1814],1814,1814,1814,1,1,1,1
818,1814,2647,"siderable progress without any bind tauce tberp .is an: aloe, „so. coming into bloomy ,of which : br.ones.wereleintd...,tattar fire lispl• spo.i--( worcester ' branch of the profet.sion (certificates of which, from vorisalet\froin the adverse elements.; that his process for in- i the folleating are the dimensions >-ciressmfotweett , .4;effil, .h4' 1!••/ • . 1 hospitals, and testimonials from the highest profe,iional awl*. .11 titles, they have to convince any enquirer). that a resident'''. - '.' •creasing or diminishing the quan'tity ofbit, gasijk round toe amara, 30- kat, ; height' of the 1011,e10.11 1 billigatel4 join 9.6.--caph. latham of the 3d",0.4918,1,47,[1814],1813,1813,1814,0,1,1,0
819,1805,2194,"~,,ft.v,...',,,at. ei,:tl4l ts vl' ~ +t4 t.. stvriitlg:p,'::. - '.. 1 ,i, ,'i,i, i- -:, ivi i,al` : it1dt,,.1):1i.1..!.01:i"",:. :: nlr;,.ti, i : ':.l . '' 1,„,,,t, . ....,,, ~ i.11,,1,,,t, 1 ~'.il.:. 12, .:11,.'1',-,, ~ !'..t' 1,, !, ,::..-ittk~., ~.,,,..i, „h, • ~. ',•'. , l' ...:; , i 1. : 'r''!'-., , r . :' i ''l i' i:. 1, ise„1.,;,l.;,:,•,",0.2673,12,37,[1814],1813,1813,1813,9,8,8,8
820,1813,2194,"atten-t ion nouse to thts topic. of a due ventilation of thed. in the course of a few observations uponthe subject, we understood the noble fort tosay, that upon inquiry he found die plannriontilywwl never adt:quatay tried; file appa-.'""ils ''""r which was of to very simple nature, andintended, by means of fires in ""per palls ofthe house, to attract and carry! off the warm, airhe would then mare no motion, butpm )f)4 that on the next eveniilg of long debatea fire should be lighted, or the furnaces heated, in;}le6,fully to try the eared of the mode. to which4.hveited; .and if",0.4781,51,46,[1812],1807,1812,1811,1,6,1,2
821,1801,2194,"a fresl4 -aktvery:tzu,...e 'supply of-his mucjt eaeerntd,..co.rd.l.a ttlykto tc. f4d ;b..iti~:n sure -zetticdi.l.fp...dciiijite•*,fick,,l4k7i'myer,s,• • -derdisorders, .add.)veillps,ess-pefttliattp'llisj'etolshaw sicknes), voitutlni loss. of appetite,ct.tit.jr amtsof the stomach, ilysteficd. anti hhiochuridriacal atfedlioas,locienes; o.fspiritii and t various dirtiiukeuritipiaintfusuailystile(' nervous disordu:4 price fq4. otll bottle,.qr twelve;inst. oases.- • . •:.;••pamphlets of iti efficacy gritis--•'p '~' • by_ tiie •ring'vpateni.the'cardiaciftii nervatia tuncture:. - -case xix.,to me. ryme ; 7 • 0:6v:17:179s:sir,dlititetqctlivontil..t.by yppc carill.4 p:hovc beetsfreed tram the gout in my sionuieli and,,head. it his-mrappetitc; removed costive..n_teem-sty isister haiars.ge.ssutlkte.biyite,viaitribidue4cle.ayrspx.hetincture has quite. restored bgr. lou appetite, strangth,and tiririts. the tits, with. which she bitd been afflicted).-""41 ..""-?°4 mapy metticitics•wkniatytt""he'ne2tint4r:",0.4925,63,8,[1813],1810,1807,1801,12,9,6,0
822,1815,2647,"et. 111 the surti,in mart. i '5 • e-•- . ,stood, or what it -ought to be. the noble fart.441 k the provisions srkr. burke's.biill thrliveiet;siolls, .eitertima a quaerae.ig furs itnr.,,lnree i' e. awl ostrow, filmset , referred to the documents•on the table, and ""es"".. also being vented for • life wore in :•eilf. set a .char-met niter. in art,,ng iftwl.'idi f•viir ; it•ee-weoo and ma= i.term, in a triamphint teem, if they had read timet ~;apawthe coif gat fax a lamer silte titan it ...s.linganv•ipedintal, caned, mid sofa table i a set of frenchthis reminded him of the answer",0.4187,55,9,[1819],1819,1819,1819,4,4,4,4
823,1807,2194,"and atisplity tielicy.,,in:plat:lt; by ihe .sitle,te.-:.l.lussia ,a -more powerful• . tieighhoutv; 'llic4ateyigorouft hleasures,or'uor mir- : piste ti ate therebre,eo)lllllanded•by ilect:saity,•lo4 wt 'at; rervrefed: itcolfsciry by it' iitt, we.. cwt.: to qu'rwlves,ter our 'jolt :rigla3, ..try.l to (air leyal. tally. fl.,ngland •has -'as. ; efuch !rififit, to ve• neitli4.4:kland to: c,;‘,l-yavos-iv. ;as france' has,. tql,f,ive. n4i4/1./4/ flesie oroteiaticilfulda, qut,ratllogiett or nemtral kiarnburgh,in !mid ,guviy,tipstart :orliegradei.k,lritit.se,. • aa. longin; fill)n /0' anx tt,„ respeds till' other ifitil 4110 ,those .ofinuori we' toast, t.z.r our ppervcition,, n4....4.1r,/exard.any•btliorauthority than 'that which oupenetny ob- 'serves and employs for:.our.destroiiiion, ~. i, . . .aviknon, •genoti',....l.4noea,' i.'uscatiy;.",0.4613,55,43,[1801],1813,1801,1801,6,6,6,6
824,1813,2647,"titt's i. wig a dis-.canoe onlhe 0141 wand lis*. 4400. 9s. hoards: • • •the,rpicyci.o.p4bia of, wlt, containing upwards of1 thretithougand of the best sod mont, loiughable anecdotes,awl pieces of gennitie wi( aid ilitenour exiaing in the engtia1 lancltage t being/be quest cogriplete► pure% nod closical collec.i vino of this a latarver poislislied.. a new liltliao. iu one closely•printed pocket volume.. price6s.io 'boards, or.buund, is. •i ' • •~..- ' . .' in the pee“,dearly readyi. •--..• (.aura i ,nt, an anthology of sonnets. (an the petrarchanmistlet), and elegiac quatnarzaias ; l:nelisli, 4 tilli:ln, !tniiiii•h.,i portuguese, frcuct, and german, original",0.465,20,34,[1801],1807,1807,1810,12,6,6,3
825,1819,2647,"to gasifyera. la that way malt pad say d. jen. oar at-las watt be batter 'afford.waltrfall is of too raw leer& besides, it is sadly &e--mptie'' of to hare cans. tau tbe political bal.sat is a lade &mid, at otis settesest e.asood be &wed i batit is i• rat, as is sir wawa classes, a heavy staosplatele time yeesies spy dear spat cnn._ . -inticerof stocks this 11a1 at ons o'cloossat swett 116 5 per cent. save 108011s s, cwt. lied. folima was swelel 6 ii p.spec cesm.ceee. wing lew ass. ii 1.161so per ceett. the liscliefieer mb 1 v",0.4996,35,12,[1856],1858,1858,1856,37,39,39,37
826,1808,2646,"story,,nit:et rad modern, by means of which that important fib*ject ay for the first titnebe practically taught in schools ; writtenmon the opprnvoti flats of goldsmith's gralienfr el ge44r.apiir•bt the ref: i. ttotirnsonl master of the free dramruarschool at raisenstonedale, im wesunoreland.pribted for rtialilb pgll.l.lrs no. 6, ifridgiarriet, bieekfriars , to lie.had 9f ell rook:ellers,•lo4.4w lon 0k4r.t.•041 •in the purchase of quantities. of whom 140:1mat be -2. an easy grammar of geggraptly.; int ttift‘g,n4use of etc, 411olies; generally etteetnea practical bysteniextant, with numerous plana, -lite: it. t!mi !lev. pat,4spithiprice es. 61. hotiqd in red. „. • • s_3 an easy",0.4737,33,29,[1801],1801,1801,1801,7,7,7,7
827,1814,2647,"neafind -sliertad- *iii irors,' •en ions. ele of getipnal reamstineet. there sir hi. riwait then proposalthellealth of.. . lodged he tot %mb,' 6"" or six easiest whisk id ' .drew returned thanks for mei. honour conferred .'itni•on'i ilk in-prooolit.h ni cot-lid:ink or over in . li. • - . was ready tii mike geed. • :-. -•--- .., -, er • 4. rd movivit...aall wav et. white; arrived at that mu.apou him..lie felt himself unable te-eipress his ad: ! iiiiehet, n -......1writ was .the aitiekt.in the treatyb:r cnn.. which he mast, to lin course of aseets, ow day receive, imi-",0.3145,38,40,[1813],1814,1814,1814,1,0,0,0
828,1816,2194,"tnaitv•, • ,i.tace perltaps,, 't_apable of. and rt:•ailyto undertake time charge, noble ertelthen nyade some observiviotts • in support ofwhat lord eillen !ili noble friend, ex..pr,4sf9,:d opiiiioll that there was something. notonltitiviilions hut inconsistent in. the preamble ofthe bill; isistticlt, front hrs. reinlinl.); of it,' impliediliat it 1v 15 bectiuse kionapare had been scatst; tini.nna, lie should 1)e continued there ; andit,trpitcared as if something \vas ituplied irotri the•language used, which it ,was thought' mint itikis--i.lthie distinctly to e%press. adverting shortly to,t tic •13ill for 'regulating :tile triiilefr then beform the liottse, tot thought-it prittnipallyin its,cfrett, aet•li) iiitlerlittity'llie•lmmti of theadosiralty.iind",0.4587,48,55,[1813],1810,1810,1810,3,6,6,6
829,1818,2194,">- ... ~t. ..1. •-• -1,,:-.-. -- -- .... , cjag.r,re•• li,. ekdcd. youth qiutlisied for the profess-ism or.• ma.uttb, at the •pi c-1-10.10. the return to cautou. , . ito signor panant.i.. .. . . • --- ------.„„,„„zhe,,,•dich i, ladies instructed to te;tch then families, for aid- . "" . 13) henry ellis, 'with nptes icy ed ti'ard •111.,aquiere, esq.. . - '7l ,t,"""" - - - .... -•- i.s to 4i f i i ri-' c)•p., - - „- - • - - - . r""'"" ~at "", el .' has on. sale new-invented selfrphivio.; itistru- third cr",0.4612,34,9,[1814],1814,1860,1860,4,4,42,42
830,1816,2194,"tiv.,l-:p.out . cblanitfou (i, lia.ilif 'allot; ic)4..re.l.< r. , •,: .84.)!'rri3n, `i;s:ittlittl:, tettioetili .ni ~1.t.11 .4i,,1 flituting..) thut,•itew.ltoy.il mail (,:ouelq...sat.iitinteymy l4e.iiiitg to...blikts-,,by,l,olith,t;rii,,,by,;,ii,l !lull.. bat,el.,& .iliti s 1 ()1 .., pi). tog 11/4itstr,coliebek'i th'nuigll (.1',11.. 'ip,,,,iiin,a, (':taut::, as,: iklarliiiirotti.;h, ctery .afti.,i'n•oink.i .ir•rivlital mo. ' n1,1y,.., the cit-..t.y1l ,:;-1,1 fnirli,'kttit, i,,:iti tilt' 1,,,0,1•41.. 'ltaverti, tittittm.,• .o. feet , uitti• lit° •;:iwal..., lit'ste:,l, turo,,m•bt 'el.! ,ing.'7-ct.'""cla's i"": wt,lis, irldiew4l,l; taunton, i'll l•, i'ly •rctutith',:tte.~, ' - , i~, ..~. • . ' .• , , ,lf.liibs new iiitliff:,44.c.li, called the riii,linghavii, ~,,,,i dili:(ivory nioriiiiig at ',.•gijettt lectiauf carcie.,* foutiatiihiiir, oftly,mid goes.tetaarkahly easy, with",0.2549,46,29,[1813],1813,1813,1811,3,3,3,5
831,1815,2194,"fa.th1q,1,t.t,..„.,1011 o. hervations to, the demi ities,.natural and:at;lifeo , ''' gellezative organs of bdtli sexes,- incluulubr. s. a.1.,,.3 ott generatiott., ,\-.c. prig :is. (3d:rt4t ' 4ctical treatise on foniale diseases, including oh--4""k3 oa 3, 1 rilt, tt,tho 1.4 rtiiritioh, lactation, and the. wisorders in-. nit ,~ se inioortaut 'changes. rice 3s. bd..'l4ttipa.,yr siferwood (acid c0..20 eat ertioster-row ; and s.•••• hullas.stuct, caremsk-square, lontiou:",0.4018,47,31,[1813],1810,1810,1801,2,5,5,14
832,1805,2194,"1~..„ ... .8. s preciin.aitcy ot 1,,p, •. , ~11 1 it 3 .t 4 }:the i lired disorders, to the cure of we. ,i 1 , 7 ;voted my attelition, comprise every. ipecies ' ilar g.it'al.. in fr.cticw,, whether of a. recoil a,; y, trioration: 2dlyr all kinds of debili.ty whether a.""j'rripirc..the' habits of teltouttbovs, or the ilidne'i,.,ll i!,,54""..{,ltigieeri;waliilido,il:sctaliyi,,liftla.,ltiitzlize.tiailti,g,;:4lr.isllst.o; stitl:.s4:f i,ldtt .111.1,.;numerous diseases are the result of igitorallfctii 00: 1 ~,,,in the treatment c.rt a' simple gonorrlttrai 00 ~, ,i,,, ,•,•_'','‘t-o'ently happens :hat tne szc.% ot i.ile aostii‘,6,iorr:(4the indtscretion of :tit unguarded hour. ---11 ,4 cyl,''.; athmi5141 ontipl.strt,s 3re",0.3297,54,25,[1813],1811,1813,1805,8,6,8,0
833,1805,2194,"‘?,•.\,• . ' ', • :1..:1;):•,4%.:2'1:... eli„),„;••,7?;,...„••• '1 r4'4.-"":,',-...'1' ''lf,/• ,•i 'v' kt '4"" t :6,1,4 ! • 4,•':' i*/~,..' 4,,t,* 4 .74, .,%,:t. . -„,. 1,.. , -. ' • . ...,::_•....,\<.\z...p5"",,,.‘ . . ~...1 t r.-. ......-, _~ .,, / ,.,' , ,• -avt'l 1.ii * '' ' ~.:-. :. w ‘. .. 't.„.,,,i•, ..„... .. .• '~,-tr 'at - v.. yi . 4•0„.10 • , .-... .,.:`4,',.=`)r,..,.'m, ', 1..0.4,71e.';f ' *._,...-.4.-0-..' ..' ' .. ,.. „:=,...,:i•-7""*l a1.21:4t.f.:- ., ... .'';'•.;'=- - . - . .,114.:---• :•-'.: :',• -• '- '' .'4.h,:......,...,...:..,.., ~..,,,,,,~,.,.,....„.,,,.„.,,„....„.„.......,,..,,.,...._~4„.„..:...„.„,„,..„..,.,..,_.,.:.....„.., ~...„..•,,.,..„,\,..,.. ~..`.~..""-%'/'''.% /111 vtk,.'; '..",0.4739,8,50,[1814],1814,1855,1855,9,9,50,50
834,1801,2646,"of adanisai sir hyde parer. 10 stiataviceefradexiag sad country, or copenhagen, andto the ilai.tic. la sat* aad april lat.s.aosupt ofstisktloloo aaverelifd ti p° to omow ota /311biktipdos st ly=, in natick until-pt picea holey and po - 48 o 6ismadssebbserivadeamea lidd at the india anne,=4,40f apee./pr,mr. wiliam croak•• •••,•-• ,f • - - 17 0 0ssepeo4•l6lk. . • 'oa boatel hi°, - • 3 s 6 0- '441414 "",-, . of ws wia• 5 5 •le-. •• their ageisi , eninfialttetabit•a; ow., .liessanane‘ - • -• . pp 4 ztithelmaaldeorpontim of lalsiadioo 'l* • '0tows mout • - • •",0.2743,54,55,[1856],1856,1850,1850,55,55,49,49
835,1804,2646,"riworded e.. pos. 0.11164 au, eu.we vs, q en nerrtmm out nag tad ew woot mob dud own .p. *herb a gutl k .or rmaalei• rodearraws to drktve ; sad hopeto lir • g.l re*p corda. goo too pellaaell =if coon 1111400011 attat told guar hr.lootora 14404 for die propeller% sod potalbed try h. d0n0.% l`wremil•r rem rod coop be bd 1 miry irak-• r 'damn a tht. united iderfor.tfa day were pebtithed, wee one shiidicg and sispente,' ome gbfervations on the propriety of eetoployiat our prefent military forces 'oat fnnce kd afew curfory remarks on the threatened invabonprinted for",0.3805,39,22,[1856],1855,1859,1859,52,51,55,55
836,1813,2194,"exciiequv,it 111lli.committee of ways and means the gilaof the excilf.(4i.i4it proposed thu is,ue of 10,506,0u01.chequer ltillu tou'aril, the supply granted. akreed to.port ordered to he receilt..l to-niorrowa bid to ottgiutiot the 60th iltegtmetit frow seven to tettbattalions asa, read a first time. or:tell:at:0 he read a secondtint.. to-morrow.. autu to extend the act of the cm* of the king to the mi-litia regiments, wits eud a itril tibie...-ortiered to be road a.second tints to-morrow.lord c.ltil'leßeatai brought in an act to.ouicitil tht81st of the king, ;wowing of the intereliang(; of the ',mow*and irish milititi.—wto rem' a brit lone, stud orilercd to'",0.4566,10,35,[1807],1807,1810,1816,6,6,3,3
837,1819,2644,"of i r. 0.11.14._at ist • aaaaa 1, c. is jug l'idefil fon of %ir. lieber, of hayesford house10 al3ll, duovht.v o tl.e hat‘: of lewisham.at lhautut), k. wuto•hour,•, erq. krrietrar of the court of viet ad•rnwalty at houthuy, to arc 1, tquhate 1, widow of the late foutotielurquhart, and second duus:art of 11. t. %%attains, usq. of hoppelmr. i, !tars•ll squa.e.'l•lse arelideaeon of kildare, eldest win of the lord bishop of kit.flare, to antic, ehicst daughter of .1. howley, eq. of the pilaff., m.tent's, ilunlinerionsiiire...at the new chu. eh, :11arviebone, 3. b•smah, eel. of pimlico, tomargaret, eddy tlnuelltel .",0.485,15,36,[1801],1801,1803,1819,18,18,16,0
838,1815,2647,"or from a loneirtsidence in lot climate,; haid•dritshing, the injudicious use'aver-my: 6.c. are speedily restore:l to health. a•jd s'rength.it must he a i.elf.evidext proposition, that where the aggre•sate of intellectual vivacity is directed to 'the treatment andrare of a,few peculiar complaints. there must he the greatereca .inty of series.; and os n pront of thlt' pentane their ae-gis:oil of mire is so particularly expeditiow.,.as well no sate,:jed as evidently superior 'tut the common practice, that is setaeslight cases of infection a petted restariftkit is eitoi:detiost hi theslistrt wood or 4aare dap., and in risme of the utmost loweierop.cy, where other",0.4797,40,39,[1801],1810,1810,1809,14,5,5,6
839,1803,2646,"i'o liridor builder!.any peffon or perfons willing to contra& forbuu.mg a new bridge scroll the river usk, nearcaerleok in the county of monmouth, either withbract or in"", ar portly stone and partly iron. are dared to deli-ver their plane and ninnies thereof at iny offer in chepßow, onor before the toth day of january next, or to me, at the threesalmons inn, ur, on wednefday the nth of january, by teno'clock in the forenoon, that the woe may be laid before themarilbestse, it the general %tatter sr mons to be boldest on thatday. turton, clerk of the pates.chapliser, daimler a,",0.4481,53,1,[1801],1803,1803,1803,2,0,0,0
840,1823,2646,"thsrititc.c; , it wn~ wily„.. t.--• ~„, „. ,tiff count ft•blittert7ent tr mo-v/f4aigd: ' : now ht. india, wishes- tworicci:lang* *l=l 'bd fni""ale 41,5 way -toiatlouvie t ey.,e9 a • ito a, !mk- ikaki. auf ollsceiyrho is inclined to meet i wishes idi • , • .*. • .compay*i‘ ifeiwimnts qt. xvp.r.a.v4.oftepts- s. a -sietz,l4 teauestad t. u its. .., . fter tbleattlititaloshhtsilrie berth+ dial:* • '''..**4 i my, kt#4a44.cia, ;9; ien nabakestaaimdopacka.aaalantto or lai lapdies.. 4=404 *lke; .•.;.' . -. . ow, and.c4l. ann. iient.. i:4:ara.,:•,crois.- 1~ •~ ~ litj sa 1:1470 .i'. inards ?itsuaray. '. ..1 lb i'•n",0.4542,43,42,[1814],1814,1814,1814,9,9,9,9
841,1828,2194,"o°l4l,,l'.=l‘iiigylp, •it,- , ""c`‘'.•l'- ,/, - .',::',!;11' :111.,,...p., - ti• al ~, „u",0.1944,10,5,[1845],1853,1855,1855,17,25,27,27
842,1812,2647,"along-withclient modesty originated in .cooleepienee of thedaiej- _i: :...,; ,ggic.ls.4 my a consciousness of disiteakness of his of not prosecuting them.- the solicitor for the bank ,,two boys, who had been left keit bola tie tackier;ike 11110114•1111 blkilfmi • ~' 0"" 61'144 his horse at, • • • i(lerealibt he had, wifeesses realty. be would show desired further time for enquiry, till next saturday i. • n •and . 1 bus when nearly upf .the stem ring .1 thiliat drewte'slot4. .- • •• •.. i- that the delete:u*ll'd enoducted meisel* throughout se insight, the were rentaneeu. i out; and in",0.4691,55,34,[1813],1820,1814,1814,1,8,2,2
843,1814,2194,"thealll:l •it% 4 flareeet1 °mier convoy of his 'majesty's&e-n 1 itlpp '.---a schooner, bound- to ma-f ()se('i itlitlf b tobe the• ellen, bellitan, waslkilva / a ship in coming into the bay, andinge. l'` her main-tnast, bowsprit, and otherk;""litit letit aholitt-itr, same date.—arrived listk,tltir, - 'line o'clock, his majesty's ship4 -, with414„ part of her convoy, about 120til-:4ir,ii.l,l:l:loftltiellefleet remained at sea until this'lli 'mindarkness of the night ; andtt,„liiila , lying. strong from the s.w. several of,/i4, urove4(114;t1 lialli "" board each other, and a fewt4)111 4ge. the schooner ann, fuller,, thi, 'an t•or , v .kil 11 it .",0.463,44,57,[1810],1810,1810,1811,4,4,4,3
844,1805,2194,"-soleness of the teet after violent. e,xe.r-fhell 8 coo ill proinuting a proptu circulatiol in the i.a.rnlbillintriti,i.',l“,. paralytic state. it ,is alto' yartichiark recoi -ttstir i',`l. 10! chilblaini • and il used in time it. wilt pto',ll..il!151;.. , kaking; but in tihis'cuseit thould be di,*olved and ,ip-k vv,..lelvi._ c•entlin&opodeldbe isrepared. and old only by f•)111,/•117'11),(1 'fl. n0..45, st. paul's, on tte coach-wit).*e,~ooiii tlttri t2lliti;l4ltli,:„ price 2s. 6:1, a, mottles, dutyp,44,pett : but al a variety of counterfeits arenftend to the0:1,1z-iiii which the narnci"" of dr. steers, orjlt4ting-cr°""'ii,l r. newb,:y, ate tralidulently made nse)r, purcitas•aslii e'll'eted tn utiiierve whzther the words:",0.4909,43,42,[1813],1813,1813,1811,8,8,8,6
845,1804,2646,"atmbaths.be pr. in.fel are an rroaliuttl, exert* about thr. r acre. 01 thu'meadow land, which i• t orvlmid of lohernantit. and unitsthe ktiflttp n'inebcit,r. and will taxes akagetbee a mat cow.pleat reticle-et fur a lark c l amity.loan that frorhni.l picot or p.reol of /avdp.. land to-42we%by animation. &hoot vne acn: and a l lame ri 1 the. 4.14,40o +11,14.1 ft. aisd i.t scarly at ;""• rcut a t.. 1. t 1 !fame atthe weft end of the i'na►o of 'are►arn.fat • aka. 4 the pres., a arc.nllehairntdtwslee 0.4tarn o'c: 11/4 , lents tot a cm., farb-am: gra. car teatimemg.",0.478,4,8,[1803],1803,1803,1803,1,1,1,1
846,1805,2194,"aldermanhumanely' ordir-d her to be detained until her friendshad t!ectir ihairmed:of hersithation. ••• •i\l att 1,110 rb tfg sir r et.--daring thegreater partofyesterday rriiining the police oflice, marlborough-street, and itspreelnds, were crowded with peopleto:the number cif beer, 300. it .was thence expe6t--ed, that something very interesting was to_ come onbercire the nlagibtrates; howe'ver; nothing of anymothetloccurred. . upwards of 30. prisoners wereexamined, sourfe diseharged,i:and others committedfor petty e:tfeneb's 'lnny:eut heads and' eyeswere ekhipited, iii consequence pflast night's inebri-ation in. the neighh6urhood of st.-giles's. amongother thargek,-oxiaford brought tiro of his tenantsbetbre jyirtrgg4, for breaking several articles•,l e, 4of furnittire; tit* w-a;",0.4341,60,10,[1810],1810,1801,1801,5,5,4,4
847,1809,2194,"pernaps rival even the edinburgh re..' iview, but. in that ease, i tear we 41.10tild wye a_ i itbi„„,t4ll')""n4l.l` ""q* ata'a°l}l tilt` 14epr'14 ii'‘al: `,:)ji'm.try il tha ri,;1§,1ei.44. oi ,titre, ni. )tirtoni , ~. c:i -?rillaitiittlitellit_iltilioufetatileigi?tebtivltesii)tilietutinotipnolsoirtee ;nor, jtrtieesi and_ ; (1,.:,„7::tr,'t !ill, tr:crkit.linif,:::•,l,'ctrili,h,';'srian!roill'i'l,l4.g'l..(;,;';tußn;o"".zr.'l.• 1:::,thou 1,;., the city otoxtut.t. ~, ~, _ol.,it is already divided into. • • : n'tsuct:liy -;if nolit, 4.iii.iv 1%1. c. nicr=aytl)' ,rei:j6ll'. ."" mull >iint,;:air. joba 13()wlesit) j)ii, literary (-ha- l'• i!'l--13!-'14114'll• } • f.4•4'4. tom ,son''. tvi.icter, i hhidi now soy soinettkilig- lit~bikn ai, a i,),ltch. i t',,:i11ie.i1;113;1;:bb,'1.,..531.1t0, ta'itst ahrtiilf:katiag-t:nlc;:l.::010f1147,':e1:-' ,(o;ifitlttiellislsli::ont:ttri;wjart'd7ltc 3of 4r.)obyeilla'rnr::six)wrqtrethire.l!tieerre9eaultc; i p",0.2937,4,3,[1813],1813,1813,1813,4,4,4,4
848,1813,2647,"vrtza`cer olivait, a iiimmurr.—yes- public sale, et an average of 551; si. per ton ; thetitioneri giving security fdr -chi otos of any proceed- !, a.^ gentleman, whose name we did not know, fob..! terday the commissioners in this case, at the recent- highest price over obtained for whale-oil in thist ..,:rnendation of.: the • lord chancellor, • brought thei..gs which might take place relatire-to the taxation, ! lowed on tile same side. there .was contended country.. :•......,-;!„.. -. ..!!! in the event of his ving übiuccetsful, 414tidii of mr. ',assent on the part of the plaintiff te,be the purchaseal",0.4928,49,49,[1810],1810,1810,1814,3,3,3,1
849,1812,2646,"• ' ' :.- • :911 , • face: 12f....._ •ompliaied-his toast de. to.paels ~..., ..t . 3401 dogar ' -1190 '.p .ci • , ~_, i' 1 ifrkr.......voibicak. . ..-' • to ilijaigre ~:1- 191$ , : ..,.1:1,.• • 1628 dining eis: 'entristar :.'e,..ill • ii, ,§02.1.50iteirrylugiiimi kr*.tbleidie • 4412 dote - - ,:. 1110 :iterepept a ria.. - :11.4 .. i 4 ''' •• - - ':i ''11111.1""ralkilrl inn 110c-tp ! ne.d°. t videllaili.: 3 )81%83 46.d°. t') '''..4. , iters: ? , oop ..' ..11:al *ow. r . 1. •: ..jig.i°ll milligh has ?will, re' ti •.•",0.3072,32,0,[1814],1814,1814,1814,2,2,2,2
850,1819,2647,"the a* oat fat keakfaet; esa &salm of bands, and let est sae el the grew onshe iota ahe loot et these eihr heard qt. noof esisro *as wog is the meet, except a slit sod. ofieligios. the boot of the vessel was odetiafig.or the shim story wet, to* etev. hethe well's of this hal ble taairtiffow ittersa trbe had-tha paeans ef the watery of .aowses. a me of eagetagloitaille sweaty, wire4tithesiii:.. the voitaisg.rietterbetlietweg:ells the seek wen.where the vaeolimeweeeeilrasbes,- ms *thisone eines hose ir reek. thewilteel —redto arum is retie*. . ?yen sadwritings wen teal be re/rotor order.'. .ldwo nor",0.4844,26,56,[1819],1819,1819,1819,0,0,0,0
851,1813,2194,"think, to state the caseby nvilliam scittpn, south molton-strt eethe paper, letters firthe editor,.&c. (past pad),i;grosrenr-squarr, •must be addressed.ta°rectlelottipe e the.. ,lint, ' sir, suppose all the objections ‘+,,'..0have-ttrgii!d. were-over-ruled or refated,are erre jrtieti(ligiinlyen vtic ofsn , :noy f tpnraillia‘vtelioiiiieteolvpared to consent to the estal:l;shment of an,ati c al.knins,auti to transfrr that art, upnl; -not oaly the greatness but even ihcsecutitp! ..country depends, to one tit most (hit° ''' 41scssions ? ..1 ant not one of those wk?-01..'any very strong apprehensions far ev 831342`eastern dominions but that which is put.. ',..tobe a bold mats indeed who, after the ttol ..1pappeo",0.4935,35,38,[1813],1813,1813,1813,0,0,0,0
852,1819,2647,"ndjlcesi. 1)ril).n. w. mountain sad oa. mg/relish, swamis* theirfrtnint• anti ii.e public. that they till ant he arraindable fatour parcels, passessaess' largase,wrissea,, plalr. eir. a( nmikall five pound. v litlr' if las*. aviles, at gammas* mks*irrrti as rasa, viral tar laiturinta paid tar attoviliesty, at thesarivern% ilvad inn sonar-bill lemke.joel puwi►kd.price 9s. 6d. is boards, dedlirosed fo the royal college of 11117-grew', loads.adisquisition ea ihe s pone sad gra-v el is tic bls udr* sod k lon erg. es well eh es..11 digortirrs ;tithe wirer, pearoges. the wit=orlon. of she nucleus esphaord, with giver nee to thedew wa growth of",0.4638,39,49,[1804],1803,1819,1819,15,16,0,0
853,1819,2647,"bay.aug. 7. et ilse .tagle lea. macelestield. anoraks. mr. sher- i ing dad west.dies eitpriisred ins surpr,cacti be ideas glove thewin. greet jamessotrsei, bollord row ; and mr. wodsoorik, ' aldrren•cease have isp.iu ilo. ma said is was*i.. regular thin:* a, in the offetiee he woo charged wins. bemacj.cl7.l1.`,.1,:i„.. lends. bwerbbus, july 9, at the rose marl . protested his shoolnice. •nod *aid, leapt: siityllia•filltaadroa.:shwa::testascrowe hie, fluddenield ; jolt 5. at the yew tree inn. ito- umbr be 1,,,,,,b, shee"" d . res.dtat sumer..lllbeet-man. hodder-field ; aug. 7. at the sessinstelistesr.w4se- t caold nut in hoarsisclose at the perms. tramfierl.",0.4715,15,38,[1819],1819,1819,1819,0,0,0,0
854,1812,2647,"tioultticilliboa. will be lentiedlately ithitioefjo. n. 0. songand amain, uoitam, isaint 41 • •'e .•"" we aarttlargassi inert tab alb saltraliiiiste of laura's '''' c:11"" pumicilate days evegi ••. •miser '- . - k- ; -• every oilier s . ohba gemmed so dee ' 1418111.1 dewirtswee s•aad the!el. • ._ _• d• sup/e6.10r japal • g.: : ""‘' *oney to l'ind to any limn pint, bylionewki, ;1,•,,,,,,,,,ey 7 •.'k , • 41- on*pl44 0 ""rt at.trltt tiareved ',ay.!'~... . _ iwo 'reviem, atte.-[MASK]. ' or etbeslipastm, bk as - bills neirposimmenha, or , • . • ,fe- - •",0.2699,3,32,[1814],1814,1814,1814,2,2,2,2
855,1813,2647,"luke heath is a hard-featured, strong, miseular113/111, ill years of age. though he denied the mar..ido ring his trial, he has since made a fall' con..ioll of kali, and was hanged amidst an ininfellseconcourse of people en monday last. • ' 4~)1. il' !. ,f'ii~~• ' •'• (-- -- :""-- , --••-• illbinresur.—threle'tnin; ilifised --ip "" ' :freany 4se,alteestrx'broke into the house of me. iteikst; &;' . at,bushey-rove, about four 'roes frivga;:tfi y ge,about twelve o'clock,,on sunday *mit' armed pith' blidgeons.- 'they proceeded to 001400 m ef_thehost, and civilly demended ^ *sower, , .they,.,ran-'utelsed a double chest. of .. drawers,.",0.4413,46,53,[1814],1814,1814,1814,1,1,1,1
856,1814,2194,"property, corn-•,ei:.lt4 sailet,' °eli exchange, two shops, nos. 3nd 9,ni 1ti,,,. j , andexchange, ,...rents; i, . counting-houses and offices,._.,. t..',1., c, squat, „yilleh very important and highly desirable6, zed of p - ""itnin a few 'yards o' the royal exchange,q, •••,(1.0. 'ngland,1%1,?t,,„ ice,,, is i. and p‘tic'uliarly'eligible for publicani, v,oit'lertu of ,z,i yearndcr the drapers' company for 1-11101 pou ''' s from michaelmas,1,,5t,1„, e t,,%„.! llundeed pounds per annum, and let to re--isi4, at the,j11:11144;4(iz:tlat will, at rents amounting together toiv,4tyti'vn""hthr:err:lrundred and eie,,-lity pounds per atnnon,n;tti r'l4ls, duault a thousand pounds, three per cent.i,,sl.:4thrt:rllpatlynaniil2,lnoes, invested in the. no-f the-.",0.3983,35,15,[1845],1844,1844,1845,31,30,30,31
857,1813,2647,"spirlt-recti6cr—j-aotirews, wigao,- hatter.pa win e rsii ps% iitssoiveid. • 7x.ilmtt and l.. woolf. peaaance,• wine-averdasio.-m.awd.w. pollock, t haring-cross, laddierss--r. 'raadall nal v.r-k flawiligattlwesvet,. visa k weßitalplatltsown•-1,:1 w. „edmonds, and t. hart:nod, binwinghans.,dealcrs—, aowles avid g. lowcoek, balton-le:nfttont,wedspand w. day, gerrard-nowt,. soho,*oh, greenwich, working-silversmiths—c.: beasley and w.linee, chapel-street; ii eitulinsier,-cariwbterq:—/. mid a: wil-li**, llrecknock, dealers—t. aad .1., nash. lliew,ga,te-street.tea-dealers—w. l. and s. l. levin; great 'prescoa--trees,goodman's-fielps--.l..lohnstone, un. sad t.. p sharpe, ulan-ois-7.1 flower and w. davies, weynty tbt arewers—h. andj. wollaston, mil k -street, thinner ts-se.!. land j. hew-y▪ , and g. brom). leicester,. hosier—w. alespinler,c.• thornhill. and j. phillips, stitiderlind",0.3496,51,43,[1814],1813,1813,1818,1,0,0,5
858,1815,2647,"b.- eosonin...e.l-dith read it. and whensuch observations 'asgovernor, the a '4tirely responsible lottel and his maj..atyor ti.• • preqestt go.rsilot this porprise.to retain.' tee pihini.on board *{pans, •r et life pal.si. stiteoit, the co.' •qtioll, adept aseatoiee,gland,' the' cape .such officerireirlriti:(teens, et'reign-erg; 'sr ostr'te:itrram the atilittify 'serflie mead • whersii teat.nein to • be. *4lllin ft*. iiiht'er otir sweinital to reaiovei; and all alive endind& i the tnir•tiletkeobit's ow ilairee h•sill ''w.ettlltiestt•1111:001ti?""10111.148.• •)'t.4-torrirvistariromilitonkt •it:401111ot• •411 re • • 'll-..eirtmi illl# messdeta., • .clor4.ltitriewrolaofidelin,_.-if.itiferni7n4o'phy:.pet atiths to.0&ire inhie heallii.""'i*dereile.t di,' ave/ st.0 atallistidbrfef thestied t sorillitoiviimenceiiil wittlittehtthat-tie pilifirstgrant •r,itkri gee. t 104114.01.",0.3719,31,5,[1814],1810,1810,1814,1,5,5,1
859,1809,2646,"the practice of reading. • • • • • .""."" iprinted.fpeßscsinito•phlll,lrs ancittbkbad stallbiroluseffersin great britain and ereitosi. ^. • •*-'. '• of *limn inafbe•liad, by the saraeattisair; '•• -• •3. the ftasv citi•scussal, pticelsl. • •• • ••,"".• 2. -reams° eitanses for the justioa catalms;-111.44, ••- the gtla miime of pits.oioestv, ss. ' •4. the attassalmt ofeassestat,saald. • - •1""lik hisi4ory of. englanb, fkom the.icevolu:. • tion to the peace of amiens.he public are.respectftilly informed, that a new.,uniform, and enlarged edition was this day published, ofbelsham's history of great britain, from theperiod whets mr.. hume's history terminated, to the year",0.4441,56,37,[1801],1814,1814,1814,8,5,5,5
860,1807,2194,"lore its touun 411 alteration l• .: tile b.l, ter ; t tfis c!,:coutilicd• hint ti ptueeat, and by tuki:•,;; ii• t tew bo-xes tnar‘i he rotinlhis ;ilipi-me and strength krioiniiiy retina, anti. is ...now a*hasitio--.00 srout.as any 111 ,:r i 1:11..av y t.la art ts,,eleomeosit, 1,4 reh:r ally perstpt tome mr a contirrn.ttiomui the abuveac(..uuut it; it sltulti.betioubrea.'..1 am, sh., your obeiiiian huilibli:;:erv.::nr, . • 'library., folkstoin:- tif(ls• l'l'',',:`)a y.prep'ared and sold. h the s. i'r,;...!ii.,,,,r,'-runs. l',',. n. loa, niernb...r of thd royal •y01:,.-...-..-. or argi.oitt,london, at his moos., isl.:). 9, now •ilint,:i...st,-.1 :.;-ivbere,.3t)er a cunspht tesidence or ntorc",0.4694,26,29,[1813],1813,1813,1811,6,6,6,4
861,1815,2194,"1. nett iliseolo.trod, and gavetie such -,. ~., • .4- 4 v ...• • • bed_ excinuating pain, pailicularly when unetti sit t,ivaurotly to deprli,e me of rest ; in this lamentable, state, ilc ‘,. rpe""lntlietttivtl. by mr. j. thomp,t):l, (who rect.ivcd,•soit)..it 4 cur,: ly them here), to folic v0,41' livilliir'spitellt.rlthi,fyi 'ell i began to do on the 21.,!, of i,l\'''; in the 'course. of a1 iz"" i g l'tti i began to receive bettelit--in little more thou a:oi -it'llvw illeet4 ""u my bead and arms were kltintily healed—. -cinr -ci., the sores ca n,v lets licared also; •karingi bow-'",0.3668,36,10,[1813],1813,1813,1811,2,2,2,4
862,1814,2194,"'. •i(2' ‘'' 11, ' ,13, mi (' k, •rtktit and (irrea ... lto 1 1. ‘4.liite zirtititt.iticett .. - ij. '''1,,0ti 1"" ~); 0.1 - ~ihotvit ti_jto - vii] t,."" . c.. 1 ,ti.' ciitritway ...:•••.4...111iv ip',„i ft,:e/aiiikitier do . . - '''l '..--- .' • cl;`'' f•ayo , ,04 r‘li!i•sigt.te• k""oi o . - '.'- f.,1 'y..i(fi,,d.fct..t.o4 ' . ' i to,"" 00- •c:wary'. "" „iel l' ---,b;• • ' ciil cake iii, li' 7:11.4 tp"" 'i;-, 4 ~4.. l ...,...,..'..k and n . 64. . • 133' tilt- t.acc-,'""''..,„.~ it.: ;• 4ili.'efmultou - .'b .i t r",0.2644,0,48,[1814],1813,1813,1813,0,1,1,1
863,1814,2647,"*whoa thosnoliat id hot _climates. the' cold turd mt* ..• .v ""l''nefot. on sunday.-he refused kreccompeny witness. wfrearriechthefollowlieretierespondettee • aeaves.ea; w4rtned and steadied; the reloqied,fthrelb • • '' -'....eatr, "" rg,„:;‘..,,, 4 `=fly 'seth, res-eil firm ; • thiloneeltirfelyw oril ; to., • • . •:' .41164111114""r6' ilelligell'lbil: witill""s' ""141141144 10 i sheifililijlit""wit 1-""f'""r*lllfra'aßat . '''..x.16.11.t'----"""" i pets ic 4 iced flothauveroil with tis or limn t bud allt ell""tusieit ves-.',.'. .. . -4 •ort. lima the reason of hit calling;velted he kttelltrisokiel . thst,..-itt the name, and et the sot' trots of the : 4,b"".,•powe,ste, , • „,_ --",0.4106,43,44,[1814],1814,1814,1814,0,0,0,0
864,1807,2194,"10091.1;1a,, 51 11,,0w,f;.1, :.fter a tone, ilin;!ss'' ilamad, eldest daughter. of mr. hansarq, of .0 teal 'film-tite;"" in' tier lyttt yeae. ' ' , - . • f„;) (in satutday,..at. hie houtic,in,kism,jaii,l, . mr., guilts~ktillayi, inally le.4ti a tilioe contractor tyr, tilelc.):4l nair% . .thu saute day,. pr. lirwird.niilo', it yedr•o'rganr...(7,-ulnoneasnx; "" . -r, ""!, ... ' : .. -.. •. 1., . ..........-..,....1-.........4.........1..-....--,+*:-:--4--r--.--..""1""...:1 toc ks ' • - , •• : ;t: 0.0. . - . • ' tr.l,-,, "" , , . ~. ~..t.iil6lp.k..§tqcls ihtit, 111(11:1 stock,l.4 . 1(74'1* il"" vy i 17y i l'et 'c h. if!ifia'",0.3721,62,32,[1813],1813,1813,1811,6,6,6,4
865,1814,2194,"this ailiietingdisease...' letters (post paid) addressed fo'r 4.. b. no. 6, greatqoebec-street, new-road, mary-le-bone, london, will haveimmediate attention; and where attendance:is given everyday;sundays exgeptej), tj.t in the forenoon.. .1.• •twenty years experience has proved that the. most. effectual and :safe remedy- for .the cure of cquotis,colds, as'inima.s, 1-100ping-6'01.1i..ii1, and 'all' 011- . _. structions' of the 13iteas1' ti id li.sl`:-,05,.- ,is un- • williani b. mountain, -.questit,.iaoly -- .- c saracen's head i\n, snow-11;11, london,-,?-1.4-1 0 r d's original 'pecto ral • dal:. i ' the .best.aeeonimmtation for travellers,..x good beds,. .: sam-. of ' 1-101ti.1-10t1 \ i), an ele;;;:lit",0.4952,46,34,[1813],1810,1860,1860,1,4,46,46
866,1807,2194,"am!? rildlast ""saturday mortin2g,....skt lambeth church. charles.boyde, esq. of the' lushint:house, tti—aeli,s` 110;4 only,daughter of chatles hyde, surgeon, of mboi.placg, 66,ulna . , • . .i‘lontlay, at mpnkwearmouth church, william mates:esq. of battey lodi; near leeds, to nliss stinthsof stilton temple, et hylton castle:.oat tuesday the 'statist. mr. smtdcli,i,i, of ne'vr'""'gate-street, to miss sarah sutton, of broken wtl,,trfo the 2d 'fist; captain. barnett, assistant q,uarter-""“li:ter-g,etteral at-canterbury; to.nliss martins, eittent• (wo""'at rite late min alt.nins, esq. of the arcit'aishop.) i'3l""4'''on saturday last; john willett, esq, of p.onteiraa.n mnd oly, in 'the r yea.; o. net age, 'mrs. laugford;•relitt of lona langford,",0.4808,34,51,[1811],1816,1808,1808,4,9,1,1
867,1810,2647,", ~..,. s ~.,.,„..„._. • .a h,ecv.st uticavion- in the a.rt,..•fmtitik2 1* . •v d ills i)sy.yras.pqhluthed;prestis..p.hstkrds,l„*itt. in a. , , • nra, -filin.:o ferl7•_'.r.... .:1 . . „..c; • 4.1 • a villift,t, )11trs,-1 1.1. . ~. 11j •e, . anoif aual 'i"" iifaddrfiys' 61p. u""7 117-'iful'iltprt""e ""'lb' n'tf.(3lgi' ia th**ry*ll/a-it aii'l4l'44yr44 7e• vg mitkiii 44'0 into*** conitnitt„ fbrthe ott: iiii, 'pritiript.., %ma, or .hif - mio lilt mhe m• • , full'y, lelog home, slithifflf#lobidil oev43*wlnskt••,•""•••atok de 'vett 1 1 ',amor, • - ... • s .. . -,. ~ •~ „_ , .. „ . ~ ,",0.2703,37,17,[1814],1814,1814,1814,4,4,4,4
868,1813,2647,". •spec lln4 periods. air rt. oils for•receiving private petitions, private bing &c.4l,ii. oe..itteiovatdett;,;altift. with:w.llo 'house' atilivariked t?asia day., ':-.. ...r:. • . -* • ' - t-and ,ittirts‘keit*. ... •.. . •.t •' i;.n.;lr .-.kr......,t4 ~- •i . . ~,, the ;ffsprine of feeble, dlkcippal and, 'iliervated parent% inlierttsi ronitildtihmedtturforegoitig toutajles ; steriert?)°.inhe/1141.19111011a41illuhms wilh-pardaue.situi-r th; slur ••dissipstlion habitual excess, unrestrained.l• ilanuireh . idledgeetavoilltp:l9ed ltd. seansequences44:filially depict'. lei and.it *4oiw relatetatice.•thaltl two coat.;'o4lealciik as filliefrudi italdftte'thil interests sit .tamanite,..lint itv•oll2lll=lletelffihienehappysarat ppiole.i'lller ento a& -t-r, 'emit rep r, 'that., puesite..speeintaf, ttmcitery,••whieh' istlitsitataromplik rm.. at large. id my. 1.,de4ilitated,';, pet ilthlebf la",0.3361,38,43,[1814],1814,1814,1814,1,1,1,1
869,1813,2194,"in her""less of york arrived at york housey, from oatlauds, to be piesent at the,p per,of comtniu.land's band attended ad-.e con,. „tal at n.y, and played during thei,'atid,' under the direction of mr.a temporary orchestra in. theietto play the (lances. they were admit--~,,snc,t'it,""l?. from' the'grand court-yard.(:;,; `4gv.ll•l, (lines this day with thelf<, art' ton-street.17 t- dud bact arlin • •irrrt.in.ddny at yorklei7 'vork give alike of c nose, to a selecti'd a all""inota dines with sir 11.patty ty of the nobility, this day.'edishnvoy in this country is, we -aliotit ""' to depart for the united states.:i.n.ltve been received from st.",0.4577,37,17,[1813],1814,1814,1805,0,1,1,8
870,1809,2647,"of snblic faittt; crimes,. lelinipossibleio pass ever withato44loadtal-inenr; for there has not hipplndifw.-, until this cue ocelarrethr4llolffiti:oealong, in same spoodiifbare, or predi3stey.a.h)leashisii,xll ~ '9r. a"" in your aflidathere is not a ''taco,-or eventilers noir be •t.di! hment ; betvel4wig nu, *niabie !to {bethis ease tatoyour oreiter...buimmeitint. tosok shot yes lemid this conrt.,""vi►tue of toevidedi /mi. yobjesty in %tinyfluyulti not exertever.' 9 . ••tie xi itl r. tsai. ann sa it $ll cu)! orb.mr. jost-ice tqote pnur, uur d 6113t6441111111eof the court upon the two deferviatitc. vir*ceuspiracy esie jiinm ey,ie.-m~i~~r1ii~i•;- -:`' '' e :0..: '': a . .."" -, t: '",0.4539,27,43,[1813],1810,1819,1810,4,1,10,1
871,1818,2194,"warwick, new-t klitiit,,l,ll:,:' 0(1 congluton, to the saracen's head, bull-x, ,haul.44'114'1. 4*-7r;',ntrlio,,e, howden, thorn,. and doncaster, postt:4tl-plac , , ung 4t half-past six, to the cross keys,cti,-,, laa ~, rintt,,tb. 'l4ll '""eal,nl-icil,„, lit, eb,., , rgate, sandwich. ramsgate,canterbury,, llp.6.!t49,4•‘iloara, rochester, and stroud, new post--1,41, 'l,:ilt'ou.ipig, noon, and night.lil.t.)'l7,,4riiai, ' ware, lioidesdon, and cheshunt coach,'1t5,,!,.!-nii i,,1,4,(4511,w,') ni. aad edmonton coach (daily), at eleven,‘,l,l.li'44'y's 6 nl'. and eight o'clock.(i,ql',':' alcit,r'gwal waggons and coaches, to newbury,,b '1404 pearling,wootton-basset, lainhourn. hunger--i'. 'l, li ' 'tatting, and all places adjacent, daily.~s tlit,,,waggonst%.„1/is4 i„veet.:.l-inipstead;watiord d stanmore,threet' .t'eccl,, .„ a""v (ip 41(i -''1)41)2,a3, bury, and all parts'",0.4356,46,32,[1845],1823,1817,1825,27,5,1,7
872,1811,2646,"161n..:+, i egisligisperear wits ~,.014 „ „e3g.000 t *paid days precisely, instantthe long room, custom -busses '• ''' • ;rrrcl!' ta'aditellwldr.lnßle.. '.• •i • .i, •a ' lbe ;ffillltit hy.ttgertiate the sebply of mo err articaii 1:0. 7 ' iii.9l 4. 3. •ht• 6,0001110.111df,imailatialit.1b; en vie, mr: intlitada.o. '..., ""...iivice'of -tide deportntent - for a peribil of llyean,dersta •.2 .•''.. 41 •t• ' .t• 4,000 • 14.1v.followind goods, which are allotted.i brim mt. ciitiiswf.i.l.; rinse, , mr. eitalliga... . , . • . ,at filietiilratlota of one yeke,•at the option of ettlitir ono 'e' 41„. •••-.•.•• 2,000 lie mull quantides,",0.4857,31,42,[1814],1814,1814,1814,3,3,3,3
873,1814,2647,"a t *ztelrtie ;44 elatteef. and 14114'rorr.mr. %rite"" ,at i t=rl.,* .:t•.-.*. • .1 . r • ''' 1 , ittrittafterpe tbfffiw*.diiir .4 :. '•askii ''• t, d tti, •it,,. ' ' t t o'ls' °ivi,,r, „5„.„....,.,.ledgments for the totin • • ,.„ ~,,,. „. , . _. , . . .1.1,, 6 ~ ~00.v04. . • . •bad been ostkirmare.e-a-0""',4.1'941p,l•''..41-,_'''' •.' i :,,* .....,centiii.44...ii 4.1,1 ' l'at ' ili . .thcilp•l46l`°!l""ell ema ftin""., l. . irs,vivi, .4fk . a.tf#.o.? .r • ria4soi w_. te..- tr .le, -,i,,,,,,i:11,g,,' ()v,t,f6747-,•,,rw.tilste;zrailsi-•• • mi. ratifilki ..!alkiiii 'orli. 1 itte akoile4lielf iitt!if ibityv. 1",0.1992,40,52,[1814],1814,1813,1813,0,0,1,1
874,1814,2646,"4. edward- ' ayallir riblitheti; . ,i. , i,o4emsd-bilasse,- moil is rem, y recommended to the,y: apsi poen' 4ts a mot sweetest *sum for 41 kis& of a narrativx oi ow in; canipaia;n:* -; li 'particularly exteilint with. clime, st eaki4, cold meat, :ca.. , 71,1jils1:10,,ctil; eco4n.l7loing""ch7:ropial7ionl6bgl::9lll:u irs.: 0.fh74- reiebet insfindillisii, swele'eatipos4o• ht tontine unless sp;itcescind worn mitiet-ptini trcnilt ducuinents ithis•ri .flu label on each helac is 'wed tiy :neift.blaafrrn ""444248t* luthern to the dritisli prof!!(. •bi„„ b. lii. 1, pikes 41,is opportunity to recommend her ;tonne • -4••94i. icoillarr ;11er por:pri.zwerwe of meshes fine seialt oil, french olives. phia",0.3376,4,54,[1814],1814,1813,1805,0,0,1,9
875,1803,2194,"means tisielr.]were fkrtr.l4sl to adopt an opinion 'now .s or scoutedand so abundant in ilisgrace....""l4lc jestil; of, (heirinquiry must establish the point..ono whid' l'it''learnai;edit or. and .myself are , at ••issue.i...wl,etherf. the .i.leliev.era in ilse durability of the peace pelt1-beiottcti by the, . dui ness, pt. a ire ir own petceptinl,sl.::-or by, .the communicating -influence. of you, srr,, aim), ,yritir:adtninistratiun,—,ty.lietiscr,,,,io..sbort, ?„•i'..atirre tft.rs plavest, them ti, slippery .rriek„.,or.that they:have .•been'tnadc.fools alf by • it. rkt,i,sits:p.ro's.. ',,,•. s •...' 'r!ie ineriti ist the trea y' mt afirthqrs, taket'f' at... ..stradedly, are-fdreign to oh present •qtiestioivo'' i'never clild consider it as a peace",0.497,48,25,[1813],1813,1810,1801,10,10,7,2
876,1813,2647,"head* approied bl 'the adertss at.thitipasseantation of the. .address, aged.tesimed•by • liii'com'inittee, -should a sudden si!stigiglithii thei,0012"":111 eweullora 8010the g a""e sage opinion of it. lie thew proceeded, to read return r r..thorsdolt«.the mistier delivered by the princess eibicw mr. yonwo ,would °ppme any thanks to mt,appeared in the public paliers it the time. aletter.: sat which *went e""detell .mr'irhimliten,ii:-.41,..wh0m no man in the :raise irf •oemitoto iiatiwas written to lord sidmouth, for ttle insrptise••enlisted to the thanks of itko country.% ' • ims givitig -""directroal. for' liairlut the addiess stillanswer 'inserted in the loistkos gads, to which i that;ceitleel",0.4186,33,50,[1814],1810,1810,1814,1,3,3,1
877,1819,2647,"justice and humanity— i''scribe the rattle* misery sad discontent to a moo.steeds system of misrule, sad to insist that ell ourprolittesi ',us proceed from a gorrept state of therepresentati a, then de we proudly and bold 1;plead guilty in the osage. f.eirry foaling of ensnature rise. in oppositiou to the slisreefel sod iota.borsht* eserpstioas of the borooghmoogers ; and, ttthe last throb of life, **will resist that system whichhas reduced our beloved country to a state of perilsad w 'embitters.we are sorry to observe in mr. matoled memo.niceties to the secretary yf state, so attempt to ati7,yia the question .1",0.4883,17,0,[1819],1819,1819,1819,0,0,0,0
878,1826,2194,"to 1616.—.d1tt0—,......110 to 661 h.—massingfine coach ruincrop hides, 35 to 401 b.—di to 501 b.—dittoa, siraw hides..., stone. :2 ciper stone. s. d. s. i 7 0best heifers and steers 10 to 3 2 °wiwi/ad....midcilinp it 4to 9 8 market motskinsto 2s.lambs... vs. od. tblal market.--od.s.29 awylam 9walls end bell's—. 90 0williendßeificke3lw. e brown's--; 97 0w. e. green's... styw. e. hotspur 93 tiw. e. liewutarch 29 6w. e. northumb, 28 6w. e. riddell's :30 0lambton tnna11...17 628 0cowpen10.111intfor ce.l; mi., 3ittlol::„...,rwp 9d ile 5wands' :""„tw. e• r,,,71,9017w. r• i'""lfetocl296beattmont---- 27 0burdon 27 030 0holywell 28 0killlngworth -- 29 0liddell's main—.",0.4861,10,31,[1849],1822,1822,1822,23,4,4,4
879,1805,2194,"the,,veig!it'superior strength you .of purposes, and tears and entreal!(''s . ;''lt atprovocation even to' a tin's +1 c'abandoned a eritninal,can: say, can tnalt.e but a t yetme conjure you to takethe preilicam • yuurtransgressions have plun ;yon are incapable of i let me in-'treat of yr.ui, whatever b..ligion .you-profess, to lay:aside :hood that; has reducedyou toand by by a contrite 'and true rep clid,;;lvour toassuage the wrath of an ornnipe.,._eit judge, that inthe world to comeyou.may find that mercy from thehope cif which your climes have, alas! precludedyou on earth.""' .sentence of death was then solemnly pronounc-ed t and prisoner",0.4868,40,41,[1810],1814,1813,1807,5,9,8,2
880,1813,2647,"the. , ._,..ssolvent-i,tx ace ,rconsequenco was, that gentlemen at the bar were iiwhowhis person was searched, about 1501. in bank ""' '''' t-frpl°44.""' pimat'bury* is 'he bntb year of rerage, a es. eronnenn relict of &elute henry peronnisau f.'4.1iof england notes, was found upon him. since bet v fin thezth inst. alred.6b, airs, flezaey, tviihme.sfthetsicm,..*ti bill oda, )r.rm ; forced to devote the whole night to the study of cases.ninght 4 freei the ' intrusted to their care, while the interests:o their - brought here,..he has discharged ironic sinall debts .-ftelpel, 4 holborn, bookseller... ,m, 00100/0-,' tap4iw.which he gained..grat ,favout",0.4014,50,9,[1810],1810,1810,1813,3,3,3,0
881,1806,2646,"for our commerce beyondthe reach of french interference. it may not be ne-ceffary however for this oiled that we ihould retain thefovercignty of every cougoeft which it may be defir.able to keep from coming again into the poffellion ofour rival or bee allies. in this point of vies franceben alto given at many azamples, by whicl) we ""04ito pro st. even while 1 retake are negociating, bechanges the' pprantlfat of other states, vritnefsitaly, during the negociation, and germanyduring tio prefent, and then faye, !4 we cannotcocci into difeuintias which regard ink/woke states,sad wafers' stith iitgagessete adept. by',be 'shape have the",0.4787,52,53,[1815],1815,1805,1801,9,9,1,5
882,1803,2194,"weak nesc. #4he was :tab gat tll strong nervous alledionsi t tembtih ty, havni`tiof tit', and tillbje,4i,. c.1,44.fw hip!) ;51* •!4 rectuc'-` })."" mere skeleton ;"" after trying thet best advice in our,li,..)nrktood in vain,. she had recourse to our:y cordial ic!f(;oriah:adbry-wt!ikticlligwialsurptit.)rocthi.tserzt al,r sinintonds,of til~#tsome; tuna •iincl, and retrains i°)errt''eelt'ilcyb;vsehri,i'''tjt'it,e.'"";l2;°lll'6'.l'4',ntdn of :taller neighbtnirs. • 'v71, dr!! e:#4,r(ll4:`b's'fi7.l.atwuthi sw:cabs is .thy b 'c.,l""l::„2sltit!t.hr_se.leeltticiesrvp.(o)lti.sliblilleictlyzervbiartarliecrdsirt therge""ral• berfto ths exchisivo)cars !lave devote( li., pta"". ' ottreztflletit of three i)isorilets,-;uiti the. success:???able,""ly :pi %.i,t illy= the additiolijl arikocto pposirp:as a' i '1"".te rava,e, r )thitas writiat 411: tiic 111(.0., tf;oscittiprt-ant in tlit-c:ttllot',t;.; ittortati'llithhnt/e5., na.ict. initmdon..into",0.3633,16,10,[1813],1813,1813,1805,10,10,10,2
883,1822,2647,"has elready ben col- into a gallop at once, or she must have woo the race--.lected. even betting nt stsrtint.caution to paßants.—on tersday.last. at barn- last' week% as al r. milton and hie halfy, of-na il•o--staple. a child about then* years old, named caroline rough-street, plymouth-dock, were et tea. they 'arrahassey, being ioeautionsly left in a room wherein there alarm-ii by a strange noise in the chimney, which wassimmfite (with two otherchildren sheet the same age.) succeeded bilks drit:mtva large bird,' etrveloued toaccidentally caught fire, and she was 'soot. at hat, the spigeon,ed it to be a pign, but mamot",0.4752,9,10,[1818],1818,1819,1823,4,4,3,1
884,1811,2194,"at the .if 'ft:najd mcttting.a ' - ' •.. h,.', . :v. illiani lealk.e.,.p i!vi' talt, .l n',,et tk 'ii t 1.. f-n co u“ 1..441 it a 14. ntofa it so.'i ihi•a c li..) it it-si-a n.l) lop4mliite l . ..-pf-et1,4 . ` !bon ,t-,t:t; ailviiilii, ai'iril..as 'bll.a"".""q.nivlitti.iry 'l)lllneit of itt:s9-, .iiitiite,!,'y wtii he liehl at ne crown aktt anchor ""1:.4,v.ertt.,.otujocl. ori i •• i .ti • - tti iria4itt at five n clockptiti, uc4t ~y, is. :• . , •.., , .„ti oleicit, iii wilere liwi‘casitii.tiiy of tlie ritelimers. an.'it.l.)_.)lr.ftiley''. ':21:4:1,f11 :.,.' !,(,,; e.4c4, which includes the, whole",0.3141,56,40,[1813],1813,1813,1811,2,2,2,0
885,1817,2194,"possibility of introdueitig ;111,"".0.1,... roe, ""':, of ~lle' hail repelled the evidence.411►,',:.101111,1,1:1 0.qteee•ovight not he the strta_l al t i.'iloir :ri:lel „f t!, .1feelitig of this kind. .f le ''',` '.0.11i4 f,` ,of li icharge,, that there had c‘latc "":lit, librti:10„110f,house any icelipg inintieui iv loct of ' 1,104press. god. ft;rhid that tile colitito, gl'(ot iindividually. neu! of the liotisi"" i 1.0, ix 'lii-'o ,; o ;.'itbiaieei 'tall t. tsk'tiallilitaer suche cfll;rlt:ltif:(l'etteel i:s(rili(i!ric:i•:e.cl-i:ll.ll:6:ii:.:li:it.tteli.citt.ilt;ll ribil'ltgood conduct. 'lle .coinunittee 1,1, tite rt.:1:141. tito interfere %vitt), the-. libetly ():01),iact vl,.otli', /iw hot the charge affected th%. t,, t,ike'„dtn,),',l‘lagistrates, it became their 0 'tea",0.4587,30,8,[1813],1813,1813,1811,4,4,4,6
886,1824,2646,"wlidowcortaihs, id silk taboirret, with continued driperie,i isance hall, excellent dininorhaur, dravilog-rpem breakfast-,/470. 3, upi:vi'a;dglittilititit 10th mimi; [MASK].elegaatly fringed ; ottomans, coucliesb sofas, and.chr.iirs,en suite; parlour, wish b4*-wilitici*. di out 1106 n the lawn • house.' mr. tuctiat ttinamtttee will dt daily at die-(st of lagoa haim tweet maws,, in jobrine,,&,....capii4 lofty pourpoo kioperfordm“..cmktoodia,di. tchor,;_eseff.foi.n.thit a a,444 to aemew' ,iiet,,,,„... tavern, flishopigate-stteet, where #l, imilauunleathins from his and other bedsteads, with chintz •comareffurttitutes, mid. bedding vallee,lhnies's,l'antry and tfileeping.ruom; winui.ceitari.-lawniqtypriencisswlll be thanitfulii receiied: 71•of alcesidohlikilitis; **lt* • mit ,:eriesiption. .c.ohitilartil liriler.'scltikty .apd a water-closet on the ground floor._ ..r.... -'...-ai:or the,",0.4989,36,56,[1814],1814,1814,1814,10,10,10,10
887,1807,2194,"'one hundred pounds reward.phcenix fllte-officerlombard-street, dec. '9, igs;7.• $ • • • •ereas • evil-disposed rersan, in coevv vv night orrhiirsdry the 17th instant, wrote upon thetvai house, in toolcy-street,. certain false andtier:inla..4y. words, tending to effea th,e. c:redit of the.phcenixfire.,lostirance -company andwords:otaainnlar tendencyhavipg,last night been written • upon the walis of severalhouses in and abc,;:t the parish of lambeth; the diredersof tle said t"" ,t; da hereby offer a reward of•onelunlyt; tiollisips, to be paid upon ,conviction, toany watchman, or what person, who shall give informationat this office, wlisiebytheparty.or parties who ,wrote, orwho was or were concerned in the",0.4024,39,53,[1810],1810,1808,1808,3,3,1,1
888,1805,2194,"i iii;.igine the arelinishop ofcantetbun""s name of itself sialto.:rt:ot and a‘knowledge ittied :he pills entirely on 3v -firm he! th.,t it was in itselfau iltrsi, it is nor possible so itign l'erson ige wouldv:11::c his name to be wade use of but far the good ut thevublicoor in rt it could be alitiexld to any thilo but truth. i haveexperienced the soundiret!si of the fooritt,ttton ofl whieli i built,for i w4s suhicei to tormenting tiatitlenciin, proceading troll%bile, and hive to th4rik m. 111 cl oy mr the cure. yottiffy, therefore, make use of uty mune where lind ~s.hen you1 ant,",0.4632,47,32,[1815],1811,1811,1817,10,6,6,12
889,1816,2194,"payment.~.,. .' . ainswortii's drealosw, .ato.i . this day - 1)1'1►'►i i"" 4oa. pu is is( , to, price ;31. i pi. calf, lettered,, iai in swort n ll's latin dictioa 11n , m-.-i il proved and enlarged by the late dr. tuomas mo-,. nell. a new4:dition, carefully revised, and enriched withtwiny new explanations of words and phrases, and many ad-i ditional authorities from the classic authors.by,joiin carei, ll.d. • ""author of ! latin prosody,"" and other publications. ,i.toion : printed for v. q. and j. itirington ; nichols and• son ; g. wilkie; scatcherd'and letterman; j. nunn ; clarkeand",0.4429,1,10,[1810],1810,1808,1808,6,6,8,8
890,1818,2647,", 41 4`• ther, „,,,.,...t.. •i i • ... -t • _ . &f..; .....„.*0.5.....a. . • ... .... .• :a way of leatetturou or taxation, wit •t i e tanselrittipptlier, .'fr, ✓yibt .4 7- • •••• ~ fitt 114,1111. v r:••••-:..0i.:-... 114 q; -; . ...r ~.- .' :, ... -r.. .. . ii,f‘ •1-, . ... • ', . te 4 topg 4° gunar •c""-p.."" two branches, eon unite with_. it is,-to iv .41 ... ~ • • • as *4,404. ',.,pseep„, it,ke joschiser.y. (*wilted air .iliontgrbwinilialnm,' plitelailltlfaifllo , o hose ..,•1 pliaeipill imitate*. i• • ' 1__.",0.4577,28,7,[1814],1814,1814,1814,4,4,4,4
891,1813,2647,"a pr. eclatexcept that commodore citiewcee contrives to ira i indio. this is nn consequence of several of the iatt , itsatostosoirdhrttehita, e atetottsr uoturur yesterdaylaa us.apeo; mcsionegn,cial,ray sir j. tao by means of his long guns; /lassie .lgintent. s in that. county be. iwg conipkte_l_ and not i thei wanting any nuntediate reinforcement. the 17th,„' ;he tendeuctof . which is to prohibit the importation,he pats it out of the power of our commander tui _...,wa sett, and !10th, will most likely be included. t 10. neutral. asesets of the produce of any .countrybring him to close action. under the",0.386,7,31,[1813],1813,1813,1813,0,0,0,0
892,1819,2647,"axe phnoe 11.11.7 i be eithibil is idistelite toe the ailed,shlisii width i. aieeestri: pi i c•rawes miniquip la ilii vorinii.hf rik jiiiiiirei: lido •wi wialiiiii‘ a edit b) ilmji • tbko. h yetettflll.dirtweei she lisseshibli hi mi • • • mootlimo lopeielsiot pau ea liw dit ' di?et: sot obit lit thin aslebran nipped ilihtslthic a sao '.isisifffirlog to. woks • tirower's illi ie silltibt ite toed.'biota ire as .11 me t mb .. ,impoi:irshot, is he*, h thdolli uri • . les hemilt apia; .efiee a maks* ' elided fell& msdisemited ellmsisle be l ssiilsepittlt willisilebooty; ebot mt",0.4537,49,52,[1819],1819,1819,1819,0,0,0,0
893,1813,2647,"the teruss.4% whichy,v. elmieryeareiwat__. midsuldhipiertaitiii tato....,..,:t:_,., .„,via... •-• • .. - . - • ...... -.-. - • vives—baron l. de maucune—w. goldfinch, captain of•,. , • i .1 ;'' •' •' • "" ' irti kia.lae-general casuals lames the adjebtnt-commandee'l. de the. royal eogitw lica' enant-colonel venturae': . j`3. gannon, sum.eet': ./ p•lrepalrakl46.'y. -e`..... ...-74.dsaall""- reeltaea ;!!-,litampawfuourg*.;clilliaefrdtiof 11ettisteldpall aapidamo' willeinbercesitiosletrsoa.leiciaa.palhann mivaemn4l;lonaill',itiee prfellen-litr-obilitsert i u,611""11.811. theffiledliinener3ilairre7ril-i badly since dead); iv. pitt. &lid eft.: (ekes, ditto gi-lbeetrit thin irroileis • -o:•arti. comriondant-genersil of .the i f the town d citadeligt pr...2_261a, -, cii ditto; j. it'atsou.dittlig. ws ilkeild,vlittesis slightly ;~. -",0.3655,51,31,[1814],1813,1814,1814,1,0,1,1
894,1814,2647,"attu., 9.-4 royal ordortetnce hesitoqs in ileihtikelo kilo shield be 4ilveillanted, me i kilt, her published,. hy which his alajesty abolishes'prefer the lillieifiefl4 thele, dearest interests, and i allplettuee, and forbids alt superior and inferioreven diets itself ter -watery. trig es t6'employ (bit land of pianist:meat itecirds.1 )his 'majesty; it 'the request of"" thediet,.bat ttimittaii or. twitneeies.lll ()het to air& nadi themtransmitted fhb. dattietritivs to the dinivrent overt!, verifiessiievi.. hie majesty at the temiertiveneirdersiand, of coarse, to time of greet britain; sad he thatin thwaisystryttios.o( prisons athentiostiektositlcannot, doebt:het it will be iehen bite due cousider. be-paid that they be it",0.4516,22,44,[1801],1801,1810,1810,13,13,4,4
895,1825,2194,"and siattitess 11a n ti-rt4o;',l4:,-i`, 't °• 71, corner of . lea denh.all-••ey 0,11 4-iondon, opposite aldgate pump.,-beady11• p, s y; •ta info c'ety of cabinet-makers respectfullyr,1441)1,z1 the public that they still continue the_ abovettl ile, 11,ar e °pt+ for the benefit of industrious mechanics whonet ""ibillara't-ni-1""4 bythe them alanufactured articlesderr say bo -.....0ne, -i.,n the best; workmanship, and cheaperhwrie bi'iii;• useean do in london by twenty-five. per cent.,with expeilno other profit required' on the goods but the. bare,1 .i)ll?4via,c'e3; at the sa time, will be sufficiently satisfied`) nils kei '""stant en; lovm met-for them'seives and families..lie eoety dais p",0.4575,22,1,[1845],1842,1844,1844,20,17,19,19
896,1811,2194,"the 1881110111jle world...—.fist ,t. acswas altr3gethr very 311rileiorlax andill',,,ll.l""tellarillingly_perfortned.' nothing could befort:/ile""e4 and spirited than the wholtr of the pcr-tii,t ""v""o44th voeal and instrutnetital. we have~ 001(.4.41)11r patticulars, but we cannot pass overv.iiktit- gre'rta 01116 r e,"" sung by hattalson with such,n 3ii iii alidto simplicity, as. should serveet,„`l,44hrti to ihe flourishing psofessora of ilie too-l'4.lhi:ht,',""l. catal/lni warr encored fp/01p441144' which blit bung. in 'um moat delightful-.. ' '11,41from the londopt 'gdzerrt, /iprus, ist r.didnnrafizi-uurce, april 3, 18.1 1.adtliiral lord gambier ,bas transmitted to johnwilson croker,,esq. a letter from mr. hallands,.masferofthe fancy hired armed critter: giving anaccount of. his having,",0.4567,33,47,[1814],1814,1850,1850,3,3,39,39
897,1801,2194,"1):-.x leave 40,*.noint, 11‘c!oizy, inex ihi t 46iiouse tno:. 9-1;' newilltitt246vtlt,' neat-for the-gal etroftitose-:lnticli „aditilro-1 v;hich haveits .f with sa.;ntivit r,occe-;s, tier tlicrp fuurtven.ntsitng. th4ll off grow in bald i,i:.les ;'aloha pr‘i -tit"" ft.> corning otr, 3vi.sicti tweitty-w:alibdr•i• f•inliiir.4;*ltools,2aaltl'regidcrtl, 'ffisvi,,country it rnay be atlpi;litd, wlsoolcmie,erert-tjle,siv;rttit notitt, vll ti :il...(lwai,ce to scil,;,i4ao6_• xild lti tnatl‘ latlie,antlgeitt in4tifinti theof rho ptet4 ttl, fa-himt•or,wigs, ~attd,,„repenting,.oqy•• 1,',;r.. 11 b4.ioi the oil to they w. 14.1 t'k`lif, and hinder it tion't yrey. ta• tie,.sold. also (tint' pall- maltt.‘;‘).-1:nn. 42, corilltillt on:ford..stry..t ; '"",:„)cslf a, liolbnrmi4 ill ; aril at or.e stiopr in inoit p'1.;""••1:,;,t:oviinitt.grear-liritain,' at",0.3807,37,15,[1813],1813,1805,1801,12,12,4,0
898,1813,2647,"!'. is • i,v, .. g r!,3./pi lis vitivi 3%itstilt4f, .. ai °.1:,:r..0.)12 12. theo-i1- r?liiestits,tbro#l44iided•teisisi ses befes p t t parties . ~, k- ..„..4.... s,- ~. . ••,:.,..,,,. 11w•• ' /bleier*ii . a.sttv. to grant nutty bliijor*-getietikt wwii` • : ...i.: ' ..1-wa.' „.._. l' 4 sda;o c oap. )vjgg ifkapilibieekt . i 'no 'wtitlitliged: bl•tity. 1401.ii...ce,ritt:l;i"" al..* , ...,t,-""n °i•o.nenberg, colonel-commandant of the dobai- or , jane ' . .4.""''',je' c t ! -./..r.,,nts mt. riarry,) ill?* i,. - .:1146-""-y: . tle ' .far .. • 440. ittl. 1/1/ifbli..i4- ,'w- ifiiiititiit-a7gtlitt7min nits 441.4604 e pre.. •• bitpswicis",0.3542,48,44,[1814],1813,1813,1813,1,0,0,0
899,1829,2646,"•irebriary. wrecking days, was salm it gold& ass a,•the thys"" }mina wee ea lii. , • • . . •• a repress bar arrived frost barb by tbe,calabotearnor. unhitchthe fl atm eti stiturdsi... mee per 'cantu 1011 l tfirmschild. mil • • • .jitele or nothing doing is the foreigs market. brasil 110is ati..l**l7 pin of •1k: day. wen done at so. since _gatiess kis tikes placs;,iisa they isayauw•he voted at set -14• • the deis of cualatainvw waited span the dokeat *imam en ileinoll7 • marshal. desir• of thekim •to invite his mord highness to the palace. 'llene apti.shindy",0.4427,23,44,[1819],1819,1822,1822,10,10,7,7
900,1822,2647,"sikteepiewellerettemmev wide' irtleads, p_r_,_eseet, bend/ at lli.*atapkiegleiließ imo.'bellelenies ilipkikt s' issehiskial bsatepasy ida& le weiseissfs *mkt shimalfthatter eselmfattaishiallthafelfo i flap,. •• '3s. .• i, ,-,14,,,i4:i41tt1tr "". i fetter is qt!titoolv; teli 'air ire{ytdd_ael&s.. ihdiodoelt- elae•hointerweydetithe•tbes any perms applying noose' his solicatees ilie ... • - • . the alm, stated that le •***alll.i. s •. ile irdfleitilfil elf ' menses, }styli alf charms, ofhod .beffloas,...hseisswie siwkwhls wilk aia si weft moan if -0,, :,-., l .- v:. ' 4 :at so ‘3. i""' • • ~.t , . illrip ,• it• . • r,- ' •"" • • .1. ,",0.3626,5,32,[1814],1814,1813,1814,8,8,9,8
901,1801,2646,"married, are rendered mile-, tab:- fn.. .ant of:11.4 tend, r '.4.;[ sof mutual tow, withootwhich happinef. in tbit itafe aat leati r:ry pri.carious therim waco: alluded to :auto in women irnegainity, pains in thehack and cizell, hylleriasi (palms, loft appaite, &a. in men,it caufes imbedgt., la:<cw, ark n, nirtoas complain:a,debility, anxiety, and a long trait in inziani:oly di:order..the n-moos cordid nand. utmvalto, as it ha• h. eaby the find proftaws and ?medical mat furtpe can protium.and ern. ere rcued nis initiating immediate relief a.:ti esrtain mein nu...! eaies of nervous eomplirsts. this exalted hitrailia,ve ui g•ncr.,1pt.44.1, andti.e many wt. r.lof",0.4909,9,22,[1801],1805,1803,1803,0,4,2,2
902,1810,2647,"siege of cidit are ear...,rind on with the greatest activity. the posts onthe right and left have been approsimsted t,_ timr'batteries have been . mounted; puerto real isplacing in' a state of ,defeilee; the eqnlpinent ofgun.boati and bqmb.vcaseja is e.toperliting ;,end ait:,• • ,soon as the necessary :torteare cotteetedohe env.my's squadron will be oemjiletely drivels frbm thefoad!absati. .-. • • - , . -- • . .iitiatet...:..- '' ' • ols,e4st aiiwobeega sib**, posted it' .4, '.-the ti• ""po, eentionen.to maoist feiotirable re.'salts: • lie. has pat 'vim:ids-fresh 'adviihisige; 'twis.'.. or his pa...tildes, poinaianded by captitsis'dkosistand se!sasiteigt. (cit itt, on",0.4188,59,49,[1810],1810,1810,1810,0,0,0,0
903,1812,2647,"•;;rti4ihm...!..,4111'~~..,... 4,.‘4„jilta_vliv . , lit°. , ik.ffsiotr i.ute,isiegssa. ; , )... . ~aimost„....:_,...ii i.i -. i 0..0:141 ale adl""wiedii * p.walit7aw .ee • 010 sal saha '.4 ' v.. ' ' , ~* .t. ' ..' , 1.. st, •c. !. .#:c. -. , . ~ ,~ tvs •ar. . - . .resolved as ma iestroetiestf •if this . • . •-1,11""/ • , ... •, .. . . . volt ~ - • iiii,. .~,,... ..111""bismisr""""owei !1.11_. • • : ',if •-• .n.- • , • • .1 s .""..--71 ..""perk • tis i! ' • jar . ,",0.2298,30,53,[1814],1814,1814,1813,2,2,2,1
904,1814,2647,"am, l..- d_ ;e , 1pf4141-7. .f. • ,xx,. ~ „ .j, . ,r 7., .. ... . 4•• , , . . e4.50ie,c..t ha -the ..agotrfe lir 4,,,t2,41i; 11.4)t1t phia 1 b#.l i-ifed'itsp q the, *ilffuqp4stil nfif""l.l_,_ it. t 0410#.413 9.4""pf-41, soo,•ja4*. segillet . t fli 1 ik,lo r meth ac,.r•mtalimia . . • ;4ii., ..but we tion„:„. visti :.„ at „,motimee , the invpr t spit.tiv.,at.ncief .. .o. oap. lfer cif • a mri.torilvalacer oenvinieri:ivirtrkensf bbeet illeablryles ic?., /awore our eyes in titti,..ol pro thaw!! , mee% v.lll-'l4ll, pts, oi, tit 1/10401014_ a ____._.‘ . ..__rar*,...44441•11,10_ i'.. ,tolll4%giraita•brlti",0.3656,39,51,[1814],1814,1813,1813,0,0,1,1
905,1823,2646,"'havezgilitillt un; "" a • ' • ""alai"" thear half past ibllgia. his ' fire coot .• ' -46 ddie4=7t 4abitantselo . lifewhoetri to coat._ts*,truly . • ' ine'srovalis - and 'thashlso-sstithes • ' illf 'shit-sit& -sheits,'• ' bonsoloo)triraiiii9tbiliatearptidg to ettp:' ..• . -f.'. nothlatlintiar to wee& bat esildilii liltingtiros% itiedbecitelanilly±_i few mules 'enteringttreartlitswiy- goods. r the city is considerably• • • ttot *hooch as might, be -etrpected ). however, . be..• . ' aie caiitianade etithei y. -sithildbe, titbit* . it; 'mk-1;01slesterral—not altogether demelished,, bat so nsich24:that iittetties will hirtibinbabitable for • some length!of nine.' ile hbese in *midi",0.381,36,8,[1814],1813,1814,1814,9,10,9,9
906,1813,2647,"'hal' ''"" - ' - ""' i14% at reset oupitjigntlit a temporary school"" cast might .be embodied into that hill. that 1311of science,. t!toont;.the ch•ildren at oa whit*chniel• and -0q w""s's ' 1104111q,.tid.beeii.ihre;4sout. another bill ws.. may enable men to turd the'vait nietils11 expenditere, and exertions, whleh are now. used for,' iwelkpra6 gc•h4,08.,,?4‘;. aock.the stooloot of wbite.then btoniht (or or,artt; _cilia 'some gentlemen hatheir common destruction, into the peactifel channels- chind viielentegatlaciated :the. 0..ift1e... - %.; ' • waited on mr. wharton .to 'state whet-redress the1- • .of virtuous improvements, thereby they ines,..prodecie • ;-: sotie gold and silver co",0.4879,43,47,[1813],1810,1810,1810,0,3,3,3
907,1801,2194,"line -flavoured porter trent i\l.dt and flopsaforie, cornhinrd with th: simple element of w.lter, with-out' the tine or any other inaredtcnt whatever:~ „„: duly,""any adalrens, sent past-peed, to u. morton, wits ueattended to. —he 1-etnins his tespealai than!;.s to doer.higtmtleyannueicntiip'thtosil.taannti-e apir)opio.esvieibilnaiso,ahhiviltlicysof tin: ntilitc a :__...—.. pret.;nant 1...1.1nes . .whose situation icquires m poratery 12l'frentent.airß. nvats(isi""; sitrgeore,'iva. offers to'aiatiintodat:. ladies in an airy and retiredsituation, with,.a4lartutents to qa term suit°their circumstances and :iitnation in life; their i►l6no ru•out to nurse, and humanely taken care of alld zs flertrantryautuees hiirt to al iate. the horrors ofconcealed .priancy, he flatters himselffiaton application to",0.4027,47,37,[1814],1813,1814,1814,13,12,13,13
908,1810,2194,"ditto• .: ;,.. •'a •'ficket 2o;000- friars e and to be hadot all bookeellers. ' •• 1 ' primes. 6d. bound, sess., o l'eleeen, corrected, enlareed, .i 'an i the hen i• enitstien o'-' many of the conariblitors is stfor every 1,6e01. ditto ,- •4 tickets 8o coo of 'whom may be had, by the same author, -. • ' and improved, ! pledge that we subseqeent volueess vviil le chareeterised bystock to any amount exchanged, and the above advantages l, scripture l3iography 9in one•.volumee with plates, prices- '11"" fl e , ci-11e10's mon ito it ; , or, parenol",0.4982,56,44,[1814],1810,1808,1808,4,0,2,2
909,1816,2194,"eitetilleitryd:;v:illy.'`::also have been trat-isfied, butt ibis could not be' c ire c t ~,to reeeiv.e the 4:;atire prrvortion of the' illas•rill•cd, and. the claim _bad only been enforced against;that country who' bail acted this 'tart' lit de- to be paid to i,,,ligkid„,its the ;hit-4 vear, its' tisi.s we should receivelrom 'oo-.fiance of a t,oleitill trt!aty existing 'b it weep -the,- :ft4oce. .. ... ...... ' .1'.:1,-''i i► t ii 1 berm!• ' ,d ii this set .0 1•h o ; ' ...•tf i lit: lad .tliteil ofatwo tuktions, whe u reaty.at colle4ll co.t ""4l' e u gwng"" "" iti 1,",0.4262,24,29,[1813],1813,1813,1813,3,3,3,3
910,1814,2647,"11•14 le bet appiniatc, kilts' 416 .- ,ir talialmithe plareß . - •,at chad itddg tlyo pro,attillthfltdlsitiiinede, ag'sinsp.- t' a,amposter,..i. 444 ott: !ledge, the lit* •in the grialad•thoe i'lte. fine'what aseasnras it wag propo46o,_ ~.iwifaiits ..•; . ,_ 41:. nip; ••,.. , : f. 'a.., :. .- • ,••-i, , !•••,,,. •• lit etfity • 'aehattingsooilimpreattheübestiaill testsvoldroatyriyitelit, . .,iii: . '.,ivio;..~..,:47r...0.,.. . . - !rpyx. le wal 0~~16,401,,p •ad„or irn i ittionn:ilbjekilmink. • alias, .not,la 14insigiiiiiihmeddlit .44) 0114. 'tot anliti-111144. spotwaint,i ••, ;; - issitterie: ••nalee.""' 1.1. 'nail°. 11,141.1 ift 1 $1"" ; tbistaprwt .inc44l.. pa• • iablitaitiihelarkstaillise-tehdh, illsoilio -",0.2231,47,39,[1813],1814,1814,1814,1,0,0,0
911,1816,2194,"scituallati l'f's""""""l.o44k:t4l,gsvmuni, petramt tty4144,41;-cll,, about whir l% it isriot kortil? ef4teitt4 .iseew ala to ito tidy' bist oto so1404""-tlei first `too«dioitoro tioatit . 4,ra 04144064'5( to 44cote stornot fur otor rtrietwate el meatiest 41.11 fa:jot:i4 tiessi%t tie. t 416 r oteictla t.het tdtv, rat ilt;-.ls, the libtirly. of elf prohtrowool i+14.111,04463; surd jet60 in 61 iota 4,117 that ooitettry„ hods 00/4 tfronve awl alatosali, ptioloot-ref oor.oo-lo dor,ss. ,istogoo tort ,ilittioalttl mao vw*,.* 'wilt 14 ress4t, tort4irt, float loa• intoror oro* to gorse tt-os,oix worc t to r jiournsti, that romie nowa • weil bookallioitistrrto otf rthrw tiiiiats4oss 4eertey'4ll,' omit ilse",0.3141,39,40,[1814],1819,1819,1819,2,3,3,3
912,1814,2647,"neils, po:9""4l4olol4o67.lloo""""seiktile.inomp4ti. ""r firmer.drat pip by *mi le avtli ferrec), "",i °twit from one wheel. ti ara porte of loshild. i • they *eve in the sight,.. siteish -a gameitty atliddieepwarfosta'd in shairh. allow/wk. •;,- •.:. • •••,• •• • , lead ~ • :4i;e of the bay of chits.: drontheim might 'salty katetesodne of tho moo too-. :innvinn int ithiaridoonenni""aannfllinsa fileasigibx-ortr !,,rf,4:,111.,.""41,49z ',""4•31141:144...pir 'lle p""g 4 .a great iron work.-.• portance to the ntirtklef swedes es gotten's% nit 1. .riciatorit thom= leek dial* irish cod* mile 1.,,,440,,,2 44, • ""!•:::ihr. resit'i.44,;iiiitirml;in't 'of im..lie le 'bellgor•beside 40: the south; and",0.3656,25,4,[1814],1814,1814,1814,0,0,0,0
913,1813,2194,"~,,.-,:. ':11. 711)-1tars of their c,i,t, ive, mutt gent:rat habit of liv.ilieb,o';,:.,, 04 kit4l,_ ,h.:1.4,s a retilittv:ce frit- -iiilviee awl rurilici3e;i,..,, ~ro. ,nlyts,~„ .....ii,""""•he -14441).,f'4s will'1,;! gir,eis 'or st•tit. t,, any jrtilt)i '''-' ih. talitlp 7 , 41 4are fti:t.,t st-4....re.•:_v so cs.,entie.l to t1,,,,5• ut.tcva'rili to,me''tl/tech'l/4 t:1.'t to 1',...16,:i.'s inv; 1)e added to th"" a""' , itttr'llrt'le ' etdies. • .54,45 w. 4.. _ ,flat .jun:, 1f0.19,7-107, *hatton-prat:h. .....6,... itki• • , ...../....."".""1%_....... • ----- 414,~......c...............,.....'.....4....,.._1........,-.4.,......_:-, -,'•--------...--.---------------- - _ core!, rtlci t 1.4•• ' - - •loniyon • printed by s. 1.1. cal•t'i'pallt"";\' ;ilic.„t? lirtsw,47; 1,4,-`41',1bullitlita4; and fitiblished.byav. a..1031111viiii,c,„",0.2779,46,50,[1814],1813,1813,1805,1,0,0,8
914,1814,2647,"• ***.errti,, ..., -:i ~. . ,: •• .- • , 1• _----- ike..' • •r-i ort - 1 - - .oft* - - - - ' $ thtb,wps %4.weerim- and unkpe ci,nem,,,,,,r. 4 ...boo, plains • ' 71.4 foul' , it.. -►- --1 i . •t • i% • ••* 4 jrr 1 111* • pr"" 11"".11""-• ' • • -1'444"" ' 111441.11111""allq..i : •to br sold ry auction• •- ' , 'lle--,-44tei -‘ - , i .. '• • „ vf.r, .1, . .„, • ..jr...• • :,, • of13, mr. cochran 14 n •e, ii ise be.twelett",0.229,5,47,[1814],1814,1814,1814,0,0,0,0
915,1812,2647,";la ,nottiot;hats. and rada , hi. seigmtyc'i fur coop one for,everyford. sear nosingioun ;,waltmt; mimnet.l.l. rockdale, war.. &imlay io the ye:ir ; wiwi lailei. for otriarnni day, good fri-'utast, csinusip, ,iltorh-, ciortnk -rl:eirsidal... thidclif... med ; ito. itssater suodnv. and fast daysry al lengths truillon. sub.fitiriew;, in idioweiherr. d hi steektow i. meteor, and mappiet in.:l4"") adapted 4° young 1'43""/""ntut. jr4kel 'sri; ; selected nodi h.:•hire t so tiew mill, fiat tielst. lajw,rili an.l cbi*worth, i 4'lbl:tided firma iloilo.. blair. gisborne, zolltkorer, pate.. por.firrhyntitv ; 'lre ii issekle% .1 irel.:4f•coret.hire ;'s.. 'oneida.; 4t--1 i 'at, polio_ s cliaild:llorl4oy, steil` 4r.",0.3808,47,38,[1804],1803,1819,1819,8,9,7,7
916,1822,2647,"orglue, and performs the jeer- principle of union, will not dispute respecting the con..passengers detained on the dennis dpidgeena user. • boa' cession of whatever may be proper for the better and received from the slit rif.fanuary, 1581; no :the soh j. j1622, for and in respect of any droito of the adtairaits, ..have the peculiar advantage thy house, and (in the cup of his, • • - •the next conch. 'that hooey-drop) thy pleasing wife, more prompt administration of the constitution in bra- or omits of the crown, and of the application and illy-•mattes, daily at eleven, bait- ates,",0.4391,23,11,[1810],1810,1814,1812,12,12,8,10
917,1818,2647,"a.•• ilitltrailliffoßt of greece. from the verlieit ao. i,letrreletr, d t 'lr. f2beelogtoe. t:bateton s mrs. e. diet negic, was an urgent (as it wage nalural)o'iect or stapp ri• bats!dimsphilip . king or mareernale. he y4ll-. -!..norlt..bayskir., torvepory! mr. ttr.aliord, i: oronioigru r. gytroao to write to the fringe regent, and the .tiasale itford, sag. nen jidltion, to 8 cub. live. price 41.45. sl,t mr. 1!.(1191,400. drulr.),t, i:4,llloglteints rti a it the i- pr„,01,0 thuobaed regfumers in the metrop..w. .,s_tat/e... age of the letter was such as to induie the !icy, immediately on kis coming to the ctowetf; be'in boards.",0.4831,48,32,[1814],1820,1819,1819,4,2,1,1
918,1808,2646,"all *at mite:m.ly interesting in the earlierperiods t parliainratarif tibial.; the reider is here presentedwith the most valuable debates of i.ord chatham, edmund bitke,mt. poi; ckbatkarix;.l4i. camthig, mr: windham, -ittr:slierl.l'clan, /v.printed for-1. ist . 41tet-street il. haoing, •st. lanaeai-street, london; • ' : oitsbible"" co. edinbtirgh. flpopill.colikaigt/16. ' i'itiailit onomii. tarmy.t 0 be disposedof. an adjutantcy in• a most respectable regiment of english mil ada.dertbstparticulars may be known, by applying, post peid, to . mr.goddard a, military bookseller, pail-mall.",0.4635,3,48,[1806],1807,1807,1810,2,1,1,2
919,1810,2647,"ba/f pail five, and 14e play be-:i4 at b3,fot six.purrs for r the hoses to be taken of mr. brandon, rat,'*new flea-ottiee is police's-place, hatt-dreet, irn tea'till bor.rom is. second price 3s. 6g.—pit 3s. 6d. seebitdj'ileit'11—lower gallery lis.' secorid prier 15.,!--i.llsper oallart is.broad price*. l !fa annoy eirheertureett. . , •towne!, all in she w rollts ind the review ;. pr.,' theif ..,0 wodsoe.—on monde , romeo and juliet: jujliet,w 7 yowl( lay (bei her , tit appear/owe it iiiiiimi):-0,, pplawn ra, . • jikabsidniv aycone operl.if,a,_ 4 . l- -,r, it,4.. b.*1440 u.nr .1▪• f traveiltry gotta 1341419 c",0.4213,17,50,[1813],1803,1809,1809,3,7,1,1
920,1804,2646,"ilvo. pimps' .wdl i royal exchange assurance 0 f•ltle, printed for g. and j. robidaa, paternenentew. • ln words. .•men 1 aezober 1 sot . 4-al/ater's physiognomy. a. a new belltian, being the 34 of lawasota mu., asni.i ebe dersons whole annual premiums fail due on theill be i- x iff r. stockdale refpateully informs the pub- deralar edullid••-""hblitues• pail"". er the rev.aviii casa* v25th mk are hack! informed,' teat receipts an now ready lva. se, that he !impure-hared the whole property of the abovees.of now colley. 1 trtapubivriae. epriectatersalinthebwinkhuninafity a ode*to be delivered at the company's 0111 ms, over",0.4454,40,32,[1803],1814,1812,1812,1,10,8,8
921,1817,2194,"the ath; at:ect°ll' ' '' r,11,1'), o'' f,the rev. thomas w halleyri;-, ...nii,,,s a.j)rtee,- 4-4'!'i. ,rp', 1„'-on t he,fll4,zagett,i 4 yt'..e'i.itt-!,4,,.iir o 4 : , ',-ivellttie,jjituilgt4i, tiagglti 6r -,!.!.,- • : . `;,,,7plej ft,,,,„;,,lii,t„,. 01.1 ,otie.l 'vi)ck 'tieo44').,safoi, the 7th insta,nt, ~.r. - eil,fo9nr, linen opv:, 1,1001,:j$near newtt,)n niplll,tt l'''''-tial.: was ll',,ciooli. riorip; 'v;lnc. (4;,i,,c 0 i(),;,,,,,r,.,_,iiti,,,,ce r,,,.tir, pc rthe ruinous o,•rocueoi h0c""..1,„ i,,s,lve"",,tk`foyarl-_,/ 4cerebrated. .iii.u'orlitd.`,!tit""..,,i;ri.q4 v •~,,•,,,04...'i41..,_.list 5gr,4041(414,1411a t`i'.- '' '__-.-,, (, ,cr a 0:-...,tivl nty nt)es in otitt qay• ..; • ..- 1.404'.-1?,00 ',:.------------- vtill 10, 3, ii- ci v '..t'!.,,ioort-04,11'•lq.nd4:)n: •pxlr4g4l,?:yi„,a,hl ait'ill. tor..lifttil,!:llef,; and pni),.s 1i0,., tr.,p,,ia,",0.3015,43,31,[1845],1842,1813,1805,28,25,4,12
922,1811,2194,"quartersotz quarters at 402 od i 13.146i------ at ugs od 16 .....—..--""' al ii7s ,ti126at 137 s od 337 ----- at t 163 0:,9 at t36s 0d '4r .------- at 1151_ °..1519' at 234 s od 4ga -------- at too cot!174 —at 133$- ad 8, ............ at itli3""2to .................301at ta6s odat 13 ts od 101 .—...... at pei's,o3.5e6 .at ......•••• at 2,0, ad 71 „....... at lois oil126 —at liga ad ' ------- at 1055 oa19a r -""'s at5° .- at 127$ od zoo ---7----- a. l'""it is cal296 •••••••••••••••••• t •a 1245 od • i 200 .....--.-""""""r at wo.od497",0.465,27,45,[1853],1853,1853,1855,42,42,42,44
923,1814,2194,"kappen, secretary.4- 4 , . 't',. tito:nl.-vi's i-lospit.k.l. . •rikled %tritt.ifls3lll-41'. esi ...;o‘,.)p.p-iit., . and, inir.iieinteriit:iiii,ti,..,c;real‘!4 atifiti their 00 urst., 't, f :1:\:1'1,......t.of-""iv,, r,-a-111.1.e5, ensill'uitral,klie )$° cluck.blirsiv4ce tl .-'1•11, and mr,. clarke.7i1,1,,,c,5rn%tt,!n elty .i'''' wintf.r. cof 7 b.s.ks 1 e., ..,-,-, 0lr, 'i at ili'lt9d the drst'asfs 0 f wc)ni'r;n and (all-ptn th'ilit)e.inbay:iiet:d;er':i.—'fle i, duets are readli‘4r!`tta'if""rtiv 9. a quarier past ten till a quarter 1""l5tli 'ttlit`th(.. le convenience of students attending. the iles-kcli...nil, i°llse ofci rt'-4. no. 11 , say il le-row., 11,er-tct'll.tr:j.,--,lo'""r par.tiet;l:.;•:4k:apply to pr. clarlie, new1 rte ale. t,lara. ,14 ,r''""nipitlt t ,'''lliy pon. ihseases of the",0.3984,49,47,[1813],1813,1813,1805,1,1,1,9
924,1812,2647,"gtl ei~ erg... pelff . setwils-•61 gaga sy balm a( •mecc.i/4 is proved by 'experienc to-be the ragmaker sod, eipseable tb $ bet,.ftegek '• a. 2.it .”. n. •aalbee. ft arias itillh.a_telie• of wwi 16 prioredelt•y • 1•8$1. certain, aft, nnd penaiment remedy ever discovered. t.lai to mare mare ap i utile et i'ilia, easy preadie. mee sith al etrplar.latej sates by youth, whom ladheretion, execs, aa unpropitious onside, oatmr. mul•••111 bee ala 011111allite.w.ilir_1601 ea' 116facassar. oil.-fatroviod hi *de' roe w hick the trod li eta=7i y bat lbil the adialiantlista of &terrorist ptato have precipitated isteleni"" a a"". 41111441811.1",0.2699,39,45,[1803],1819,1819,1819,9,7,7,7
925,1827,2194,"i.juilrersit vioaid professoreerolaudience wei:grd,:i(eitar,, an. -o,o'he law ; hotwere al,°fe,ind the lecor;ottiln which wo :0,eiy able •itste°1""leaster 3 440illiaaftaut. the t)!our vio#,annex by t? gisgore of the ohos:ithrlet, and efeiatof thencaster tgazette'• hou3eniti 1"" hat tt•.et, a very gleg7aiedoriialllll rciltiring the pres.,;t's ?et forluallee; at coveot ~c'e/iv. ale olu'lby c''l.,*4de/who, it is nutiltkt,'s flacip•:, whom admit i.,ce a his 0005his way tn. the;,rjed from his c,ii)miral, and villieb,ird star. his lfchange horses stercitizens had'y.—kent°el tomidonlory too,!ncliture of °joiet*lh war, arehtifie,battle vrio;""-- • tv064 te'. v •.o. theat is its cto-e..'otthey are 'iiwitaitt t i.etywill rendertreatrogisproject of btd '1""joo hs3reeks• 0tyrantswin",0.4761,32,39,[1813],1813,1805,1805,14,14,22,22
926,1816,2194,"the landlord 1143raised them too hiab for pe:ire prices, and further,by the considerate iltodifit itti;is of the lientue,.tax. lint the substantial remedy can only bebrought by time, which will .lowcr „ the wagesof labour, alm articles of consumption whichthe farmer buys, and, in abort, irstere the balance.between the•agrictiltnrist.and other classes taitsformer ettuilibriithi. it will not alien he necessaryfur mr.lkesttid;x to_4' hay:, his dogs, and shoot hisand burn his fainitycarriagerith hisit; it,"" or et;ositiit ;ao); of these .mad freaksw hick, he threatened, as we 11:ar, at an- es4excounty :meeting, if ministers ttoted him any fur-ther. neither will mr. colta hale to",0.4895,19,8,[1812],1810,1816,1816,4,6,0,0
927,1814,2647,"the (loyd colleges lavoie.has received,_,jou. , may le:•1 _k mom! roy :.hittionotal rare. it.. ...is 41111wc8fftnryiteret, york, non coaches to souderton!, ault, sanaa.riveh. wiiwitv. and ather ?kitty. •littldtil;noßt4 and wow now. .pookpottli, paltryevening.• carlisle. pearitk .wiettatravett.o.ttoositili;.' *°ills four i inn•es. und n gunrd alt"" t way. promomagh, loplelsy, lirenialtridge, itielbnand, 1.4 atter*k, 're-eusighbridge. vi'ettirtay. a wild, 001stioilers 451.11 halts..(the nearest any by eightees hideo). aria not every wonew,aad '.4 inc jaanyey with thritioartst. . ""mtit v11411.111illersstir.* eodea..._general p ract it lone,: 107 *et vim* nw*. prereaplont 'joe*aunts a fair &round for the enafideecewlthiktril it itrecbarre, by.tht ipbfir, hrewttylitleamy boanertd. •",0.3585,41,14,[1815],1813,1814,1823,1,1,0,9
928,1819,2647,"awe leads, and nappie p.s) se ...wrest 6• mil, •.o rot ilg se se. 7 es...rissell. mi1619 /cris wo tee beesote. it• .6 4*on 1161.‘11861‘11 .4 a .tplalollla..).respect e; l!ses's i• s sin t. a kb• is ribl..• his s+, i eopcstin yeti, if teal es soar amble, lurid, hr. is ma. st/ spank!ever gore !es ao . r .liait it' .4.10..r0uy ..eas.t s barer.' or sorr.sl• ostursyste g stalls. se r•. et.:t wee ahitlia d so. 146 r mshe. i• r rim c 460.1 ht.t.f inn cr of* net immo"" i. cspe..sree ssad nis•ase or obi ..a. e••••••• a",0.4166,33,41,[1856],1857,1857,1857,37,38,38,38
929,1805,2194,"on';.' strongly.exhi-, biting the superior ads autar es and mildness of thecover pox when compared with small pox."". •on sundarsettqight ilvilielous pet scilitt'en.toed atv orchiircl lately itllinted jeremi:thl'rencletgast, 010 soklth.l,4lb(ales of.cionniel,;:inctdestroyed all the tr,cei 6?risisfing 'ol rai4,plitht, apple, cherrysk .0111 .i.-,qose-berry ircini, together with a tllll)titynips, &c. o catlso tan be assigned for this •valt-ton cattrage, but the envy,..of some villa'))l3 at, thevery huprovilig.,,,,state,,of (mit% to theable industry tit mr. trenderg;),:t.yesttvday, at the public. pfliye., an'or:thip.-street,the lawliord 61 a'. public hotibe at i ltrilpstead wa's,charge'a. \ itll .04wingcommitted on it,girl, i 1ye ars of ao, this uatighici•-ii-ay.,, be ter-ve ti",0.419,40,32,[1810],1801,1801,1801,5,4,4,4
930,1814,2647,"1111""4""1‘.4 / war4' $.24""1""1""16""."".'t. i-. r. 11 tiatiaightlra iir: /.. .'• analrigll4ll'9l- ‘' . :'ollo6lhtiti.*** 4. '9 to ithe *.aelerlite; • slid p-otpssae, breaght tioulempf .tress. perfumer, 85. filowtmtrses. . . . •10ealow ewe** doll* ttot •' iflertje= ! ' jii 0 ''*.' - - , 1 spot' mb leiti.jakti•sterilta. imo 441 'v4""in hoff plats, at dro-fiblevis.ll4.--""illoos it.-'oast 4°47 wig a bor b., kist*. . . ~. ,a. . . - ...t..!,.! 0.. •it,........... ....•.. , •e +, • , • . .•1.. ' • •• - c .• •.• •, . . • , • . ,•. . .4•",0.39,37,27,[1814],1814,1814,1814,0,0,0,0
931,1803,2646,"mime et llelsedeoe becametem t ""mi doles sees mei a,3rebacy=s dijilisite.lkisess &snot__ 111wesi.je• isedsories mom rbellei jeseillittbee tole ridle.lll6.ars, vise bole. , • ..•_, .., ,47 ..140 dien—costae de lderestibli oseriee'sfeearrelt, dm •ode pm. vibe combed a osmsery.• '• a; we r'_. hilllidaili .ctwehilliandild;l4olmerf cruitriwilms monet. 184, to be c,4otabt; ]dui viotti, om m 49 •lleiseisiie ; es, pear oran. uctlie ea be woo: '''-l'. 111:111d 484. barodinernf votive«, infante,. *, •in 14 to itt likeepterempdatalt.aisd jab. ow.fie beitilw•'ll, .'oeseterodemeder *no* laa 116441100to bd •.)bmall. lekr7i4 za:de r il'lesd.iiiie' ift;.' neneeit iimeed. leila siarentre. lible iiiesso, ! „maws, deese itdassid.",0.3832,48,5,[1850],1850,1857,1847,47,47,54,44
932,1805,2194,"0. •- • andng-, p i.c441;,1~ order, and is a most 3.1 h,n,tt,i,ii . itt.ii, ~v ito 4e l'oxid of \vallongntr,,,n., t, 1ii..4,.•i • .tv.;lltit it t 6tt.tly,""4 p•i*il great -i m prov^nient lately nvidetyow, i„l,.:ltjtie, i'.tliit••-hattnit, ' t hey tale this titzthr„t id, ~,,1440,,,; 1,,t„,, ,ck4tt to thetitselves at least the erviiti,1,!,•:i.tit.,.i•thm.,t,t,,,,. materially ""injfired by plagiarist-a who4e,1.1.1:,,,,,,;, gt,git'.ll4s, 41141 itassel.l then"". 011. to c""'ltt-' tt.cl ~,,.,,,,;2.4q.n, thoutt :ititait:h hisitcr prics., .",0.284,48,45,[1814],1813,1813,1805,9,8,8,0
933,1817,2194,"to the or :t4r n the.lnies and dert,;44spulcle offietr4 to remove oletaken into custody. ' .1 ""rtdlo4lpencefa 40.1-1. restuned.—"" i ham l.to -e/' tp,a case, wiailv 1 um nlanaer af this 'lliati!, 1_1,1,',can‘ not do., 4 the fiersun bait otteaded, it is in,701breasts to tttris hint eof."" he !ilea went elf, iollo"" •wine led hisses and plaudits uf ow audience, • idthe farce then went on without cyt,t.''further interruption. when it teaclado;clitsion, a large portion of the audieticelin the theatre, calling alternately 1ert,.14,1ger and for mr. borrrit till a eery 131""q',„4'''prrson eotqlmitied uf, ,.4,,long after many of the lights bail",0.3697,25,47,[1813],1820,1820,1817,4,3,3,0
934,1813,2647,"oil of de peepie. . .a.raw~ , co*bei es ~- in my mind, `note eitinly, it; : batregret ; with pain almost inet ribrop; i sill a atiof.darstion filitiltuisither.sfember-ofthd senn )i.:thd`said; 'ilit,inmire elightsto set ourselves a e a.;call fgrtfrdsrts-4o submit-to stilt peter-potk•vationsi:;so4. *ow still greater sacrill4o. or tl4lives int4*jilbilit4feitlinrs, for the tor pose etp..ebteinitsgellikgt.ttet:nteter described in 'ripe ' •..60. n 0140441,1; -a& a• 4f7 lied • itheistage,and which --her eels pleased tie -till eke waste ofisomer. t d; mo. esitor, that *hen anymoo ' u o;eisisre in the ancient aseembly ofo. itsoilibri, • lio'pofotid- out dearly, 'so clearly 4 in..",0.4579,50,1,[1814],1813,1813,1814,1,0,0,1
935,1814,2647,"ignorance silsitli every wiffliriette.,•....,_..„ . ....._,_ -this luealitiou was such as *mr. fox thought.o6l4' ''..: ath.nrair kat, b,een hisned fee polliatflowi ciaed on wednesday; at washington between camino- i veils of the him and. intentions of the leads* slur - plymon___ilia:lard chapel, which has lorsg-heen in &dee;. aloitit,,, defeat the ambition of ,: france. ri. 47. --u----' .dote barney and the company of marines recently ' own government, and of the power of the mss. a new one, on an elegaqt plait, .11 kattached to his flotilla, and the british in possession ;. a conjuncture that he wished •thel-i4i on",0.3917,27,42,[1814],1814,1814,1814,0,0,0,0
936,1812,2646,"tate mr. john magdo• qir,r4 _tukc ale 4,0411 k tt invortunitttn .pahl. aoa crowtql*.ilholette.... tulatly maluelea:talablis.o46a6* of .0you oar i have received +lie , voot,t. grolliu.ooheart endeared her m all ii.. 119 h 4 gni plemtire et her eraistowitlftr4 shoviarrei tater .1)1x0 ws- an r h111..101,-. mi., .so,,l.raturdey nieht;:llie - i ith instant, ics*ie aspasta, t e wife of,ripd, gitk mo to iwn‘rice,vind alb ilia"" wisedt re ate.frederick w. gasebitilweiclic ahithreck,4l., &mast re wirod:e. liitt 'ed"" diem have viper iencr4 oki smug sikimuy b 444 p!ankh, in. surrey. shp ira?, tipuliter 4:11. jail -141,4 w• ts l 34114444 leh,* tklinseic,",0.4035,44,12,[1814],1856,1819,1819,2,44,7,7
937,1813,2647,". porlt► ~ . - *ilk pipis'. ali wo*, tlifeettweliiallle 'which i h illii i u.... with, 0 -ch....,,.1.0,00.„.,,1.,0.„.„,.... liptvfl „..„._*. . „.- , ~,„„4 . .g.....1:42, 5t0,;#41,,,,..4 ffeltßa_ifeilittasollllilepriegiiimitorr etleaction. ittnaglitiffic4musi *.1"" na pont*.40#0 14d1hgete,,e,g,r~ vfmin,reeliil.. flog '44:1:—..,..40.visor ,16 4404 .x eel)* ;tht wet* or our, )1, ri. ri. • .f,l2 vi .e. ,i,ha.l,o•l„___.......a.... ,fleiiiiiil.- - 1 • it""pworoolferisoensitibrithemdfamitimits4. stow.i.uktpiirdi.eyikaissauileiletleigrinetathaisszattirkillongrnass;theboorattotarodials of' giiing *e 'it our eliiittitg• ,(0""*,,,„:666.„'"" .-i,7ii *o4 til"" cl 1""*"" elm' 7..,,t2000.4„t& mow ' ! :. - • de. * ' at'ng 164 41444 tie nrea""ohe gilii‘oangl 'a --i 7 11011ipalt et ow4° pl*ll7w._"". , ...""%r 1-al i°",0.266,27,3,[1814],1814,1813,1813,1,1,0,0
938,1810,2647,"140wittry'aild nertity ~ ma""- . •irgrie am. be-hoic prim 4,. .• . ibfineweli . ,is~,....vt. ~,~..„. i ,saw ,'fr""( l'*"".""141110. --- - ----7---- for me very ditsisteuss laataaatt *el ila""larurreee' ir..coytigega srogortrtctiebrotik pamplikt, mid- in*: 1. 7.erin*10.60.1 dwithe, brltinit 11011111131.• *-ti ------------'""-----""""-**--itiivi:patent blintsll,,sfiliturint.; ctorm yean. le ienur-il lean; me tias.noti to dot fu.rtleirix edaeatton. de. '.:may!, .41 t '. • • -awl r.. za ••. ,•.• a. . _pon 11. -, • ...rilite,4vatori; teir•otcsinpriswit wt.itrioxf . eng. a mow ise.eutiful new aliseurtmeen arf mai pa ra mi. ptcaamiaimistarrtft. price 1•• • gm, •11, i)4t•kssi.s, both foe +ladies awl geutleimose i•",0.2531,13,41,[1814],1814,1813,1814,4,4,3,4
939,1813,2647,"form 4 iftthliessitnr, tor the privateirtk*miyi helloise got safe to 'the „_.,.'""i'043, , ""withose ~- that bate pvgpaa4.4tite,,,.diatenopsrearirable; 'from antiquity, of their number. there - '. t ritterasnetil which alt eking to-day whit' it de, i.li ee‘wight;--a larg p°6.1044i• tiestr""'__.'l'°""..,• a' i.l.,""r7.litiles7lrsal""""re, by the medical l'itaff,icetteldnreit el.perfectly.114' 1/4t:. hi.4.ll,rt° snore perhep4 'ta ae11.144 .s°l"" !i'l(es -! is..ieflilugrill----1-2. ' . y... e4fe- rani- y , shows that it is 'wither, jus.tice, nor p,ol° be bl).""ed to the, d'elth. via' ""i• '..1 ;',;-• ;71. • 411'ea, r.resi 'pectin) from any second attaelc,..oo,t.littlinifolieergijkm. woribtti wider airless secure than we tight * „on; ,tall",0.3645,53,33,[1813],1814,1814,1814,0,1,1,1
940,1811,2194,"the maitsir,ti, liouse,,audway ire li.td at ‘liellaeinvisaseiit ; and111:•' .ther of the said•tarnis is let on lease, at the yearly rentsoot. of whit:h.tca years will be; latex laud at iviichaelniasnext. • .;too wh,,le of the u.state recteed.lo front la.ntl-tax.!badilow 'is 9 awned about one mile •(a chelmsford,• and pnt.lohtion,• and is.ternatkaute for the healthiness of .thest; utionta4tt salittnny of its air.. 1 hit viltitiie alto,bdurtfoo.: is respeetahle'atidmanst.ol t . be viewed u.:tweeit .of elevenv01.1.1',. o',y, irpt.ltrog tll@ side i t be. cot tiger:: by tea e.01 the:tenant s, .9nd tn.. l• arias oy anthcotaoo irf. al 4: n.jtl/ c{l /!,cf,",0.4752,17,46,[1801],1801,1801,1811,10,10,10,0
941,1803,2194,"left of theregulars, and in the same line were tht.east middle.sex, ilerkshire, and west kent regiments of mi•ttie'ivtrole eittending upwards of a mile.about one, o'clock his lordship arrived on the_ground, accompanied by his aids.de.camp,,conerall-altt w 1 wwi', and staff, and mr.. pitt in his y. .1:4, .""'l•ieer uniform as colonel; when having prneee""qfront to thecentre, major. general moots gave theword fora general salute, the . whole -line presentedarms, music struck 'btc. the lie,utenant.generalthen passed ant the line, accompanied by the othergeneral officers and staff, the countess of ch athaktfollowing ire a tramellingrst;chaise and four. hislordship their resumed ws position in",0.4648,62,47,[1809],1809,1809,1814,6,6,6,11
942,1811,2194,"4 irlarlir‘t wornen they a►e'no lest he.tel inviser3ta the donetittitioa, klee tone and firmtress to,the habit, and are the btst restorative where the we.man is weakened by bad ly.ing-in, het tivaitir impaired bytali in ix.61,)41i0n, cc where slte tear been, sithit.to arequeormlicarrtaites. in all these. attnations, (jr. fothor4it's fe.male pals may he considered at tpe tamale, ideret•aittehor uthealth anitteitoett4 wao s nevet,failiogs rent dy against themost desperate aryl. inewahie elsetite!,i which willa the. ice.*khey. shotstd bans the pusstatiort of every- mother and-guar.than ut youn4 females, as a tardily .hrtalitaueo et ell tututor use.sold at ur butiorts, 4,'cheapside, cornet of patertioatet•rev",0.4954,12,27,[1801],1801,1807,1809,10,10,4,2
943,1803,2194,"freel-101;d:•and pop v1101,l) • ffarni. near:tialdeitf- and it()(.4t01:1), essex.to be' tot.o isy auction,•1at garrawayi.s, on • eutestay .4t 1 weote•\tay dfsiral freehold: ant! small• cop yli(}l.o i alt vont:titling about ()neet:oi.taerec;piele:l; ti.ttfla(tke!lfor thevci.a.rr▪riaegeidloccoirinatior i theail-born:lz uket,vtentlik)ixin,iitch.]the rihorn malden, awl fort irt_nn i::tchfortl, 'north i'am-brxl, in the cutinte esiex ; with a earai darn,altd puthhilaiho; let on [,care to mrs. saran pagefor a l'atti of about it:a years unexpired, at tl itynt 0f4a51.!we annum. latrl.t.tx r:2deeined and paid he the ten4litperannurn.—may be vieweti %rah leave'of the tenant,and or ti had, ten days preceding the sale, at the cojilarwlt;b anti c,lehester; roie",0.4132,60,49,[1807],1801,1801,1801,4,2,2,2
944,1818,2194,"in""rep(m/li 'may 30, a. balls, hare-street, essex, innlialtler---0an, j. t. von hein, camoinile-street, b3ll-strret!'23, g. von harten, east india chambers, leadenb3.lo,rtf'merchant-may 30, r. w. u. schneider, white l'°,.""toner,-bireltin-lane, nwrchant-may 19, w. l'eare,ti 1-'4""':: ~,,refibermondsey, dealer-may 19, s. hafcrow, tra'fid=rf';;ilarsil.;stepney, mariner-may 10. e. newman, liiinbet° 4 j. i/""surrey, inewer-may 19, t. holmes, j. harris. a1141,b0t,,english, long-acre, enach-rnaliers-may 5, p. rk r.----np,'''pnwis:place, great ormond-street, , insuranee-hr"".e6 sto-.•19, .1. stone,. biackwater, sitirrey, tailor--may 11, ci:i.e'1worthy, shorediteh v:etualler-may 2, w. m 0,,:, frorile,.',street, spitalfiel,d,?. l'ionibazeen-wearer-did if, t. r vii,er i:parliament-street:westminster, army-accoutrement-r°_,o .`.;ay 23. 'l. tripp and 3. dyer,-bristol, wine-met-char9e't'..19, t. bullock, new laith„lancashire, co",0.4971,39,32,[1815],1815,1813,1851,3,3,5,33
945,1803,2646,"a perks who warn mr...2,:kas,,,2,:=lae'atrast . mk. iiplaces, ana afterwards will be sold. pion!, as a tarim only for a few amatbs. is the 'bravoes,. irrucalaits7rsinadai- ariyt:r. i. for imitation. trued beltssism hr. papselirditt.follolloo. . ii3 0 ts hogtheads, ma. holcroiera travels. phase,7 s 3 ..._____„rk ma' coffee ' thdlk"". i:ol.4ll'a7lyeis ellbleo. prouder. aspetrlt-3 31 'wensuk phillips refpelffull, inform the pei& awl am. geomaggyp. geensinughy. hir, earl 'llmir4 4 155 bert 1-v •l the liveifecere threrrohmet greet britain mot ireland. ohm mr logy. with a including alto liewifk pio-maim, sad ••5 ,7 at barrels iroomoagery. mot.otorr itr 4vills in germany.",0.479,62,0,[1819],1819,1804,1804,16,16,1,1
946,1819,2647,"ware, be treated,•ere (lily appraisal by mi war bassi bia. ansa;these the liberty et essomblies together was cesteletybut ilse least valeable, that liberty beteg allowedthem se ""lug as they oared .isressealet .hhoatviolating public irangeillity. theo. this couldsot be milled • wallow' 116144 the ahloreisowas protest, still it was. set isecomodly • legalmortals wooly es *wnw a his prolowee. themeeting et mischester ea the 161 h at almost waleis his opinion, strictly mist l and the mews* of teemagistrates, those ',imitates of the public sale?,ettesserily led, he had sus desk, many who westthen to madder it as i.mel, sad of assns",0.387,2,40,[1819],1819,1819,1819,0,0,0,0
947,1813,2194,"'proved, the money returned.ont. piece sit whuiesale.price, and uc onaller quantify, ory ~i her article sold.ti!orre•t attention paid to country orders,~""' l'he, trust that the advantaues accruing to~ 1..0.1, wcoothlence in the, wear of their linens, have beenthe pub-11y de by the increasing patronage they ""'re tarlast oiae years experienced, at their only house in lou i3(l, grew. !tassel-street,bloomsbuiy.—brooks, burch,si crittvie, agents,.tory, 41, london wall, op-lethlem.a !angel:a oil, for l'arlc-paliog,roamentai paint lug is general,'ery derwription.st.,,ne colour, per cwt. igs.14::al or slate colour stis.'light, blue - - sos.chocolate - -50 i•rec paint- -40 s.vvinu: and iwiter coolers,41,....c.0.11,,tcucti0n, lare manufactured and %old",0.4404,38,21,[1814],1814,1812,1815,1,1,1,2
948,1811,2194,"be,14130-:11a-hat; i hey,havis be .:ii.:luovitling to agisatit the.public blindthe 4ttolitip,ot ofabete hopth 1111c1 prosunkwg ;bat nov4r641i3 votitati ilitsage venture to asiall the act .orl'ole-ratiort,, eitti• thievei‘everroitiable deelaration pt the. king.they hays beenvoritent to regard it with grateful eapolieria,41?;144) 4sloltl protettion item the rcturreocaoh niftier persecution,.d; tlt4t;hs y+< `asciirrlbtadtitle meeting, have to-leived %vitt, ~ireat.anttiety the commociwibna freementlyby the itiglit mutt. lord viip.ittot pt ins in-',joon to,propo4 l,egistative enacihn.litsthe, laws 'relating to- r rowatant .ussoentllsl th at they diihope the a p plicai ions he has recetved„ and infaithationlnuntrunicatacl, would loiarc prprentcd till 11411411valailic4j but'",0.4894,22,39,[1801],1813,1810,1810,10,2,1,1
949,1813,2647,"cisariqrs...ng-ti._..therefore, be sustained, leasinsia as; suck, spoliate ; nib .of. st' .""°°,q`ef4l.4l in f""'""""trp °p. 4""""e1.,_,_ 1°: airless- d:awtheir•nominal, 'glue, with intent to . as. acknowledged that he had pawned . the sperms, hatesaminationof the wife sras-nicessaryt'agility-10. the transactioi. • - the-bill, ;therefore,iir lam•to give- pn'a°86141111104640 .' t° ••°14114 40.0, ,a.t.rinik.,,4, . •fieild:the(governer,end cerny of the bank. . solemnly protested his innocence with regard to the-it appeared by-she:evidence of- chartea..warmeni ;ether charge..,: he ;thep!,,bitggfd that he might lep that iles scriendati. *quid be deal's** to. -la a badt-pliacatikulagras• *na pfaff ol'gitaia2/:favafithat he was .euitiofed by, the bank to. find out",0.4498,51,51,[1813],1818,1814,1844,0,5,1,31
950,1816,2194,"dividends.nov-, ll j. wood, hinnelitstori d. 13 ruphy,and j. waller, klaristlea, y00:11144 e4liru-printer.r-nu.r. 11,.1. glenn)+, rnli litin-st 'teti clerkenweil,nov. 12, w. 144,4.4tizi.., st, £'ul'4. cuvc0""113111411),u1p.""chart—nov. b, j. i'. thotapsuo, neigpott-strect,(heitz,. engraver—nov. y, t. i.lnniii durham,: mergluint—nuv. s, j, strutt, itickuiersworth, t3rra, inritimati--7nor.w.' /i...volcut, ca;111..1,-attret, itlintlinev•brirkvr—nur. 5, w.prmulun, tient.street. st. tienrop inc martyr,- brounk7iner-cliatit.;-nov. 12, 'l'. cturlie,g1;17-74tor. 12. j. itiviarll, h.viefortlshis,„‘i/rntlctur—nov. 6, w, westerattle, killtstow;upoit-11,,11,•groter---sim.. 16, j. reilly, 1-14,1,4tfett, urutettett,tri4c*,ruerchantr-1)..c. 10. lb wolt•rs. itruktr—nov.it, h. lions, j: s. duwries., nnel 1. living,. 611'ent i,itivottatrert, sultuo,.jun. iiriglltlingbea,'•l4.owtitsr.det. 3. j. yaiti;,• holy-weil-street, sieurcibleil, $o, j. johosc roch-dale, vil-de,:tler:sov.b,-,j..sayey, nurnuv. is,- w. tuuslinsun.i nurtriell,",0.4613,7,48,[1815],1813,1813,1817,1,3,3,1
951,1818,2194,"•n ""lip.s ,1 cf)ll,t, (aire!) at the m edw.ii.'ii2.ird,1:'41,..14 aied.quellee of the entrubtive practice ofi:tittin,l'. (,--,41 board at charlotte house, illaclifriars--i;xlatie‘'(lpl'll, niunii.of., and co. have, for. thy.liiistt am-ahl- lot patients residing at the west end of thei„,l,ie'i:xfet,lisvil another medical board in woodstock--14 114,41"" ti 4,,d-st,reet, a few doors from bond-street, where. atiti!'it4,ll,,of th.nurgeon, members of the royal college ofiii:ltttl i's iltir',""y years expeeience, constantly reside. 'thatdent). of alentst. btlen restored to perfect health- by' tilietr,11 .th. ‘1,11„.1tie indisputable , after hospitals had hided,li:4lint4ted °ni been gleat ‘stilyt-ers front being intro.1,,‘ 111 ithe h'y perions ignorant of the profession. erup-11ii,!0',4he nveti(l,",0.3819,33,47,[1813],1813,1813,1811,5,5,5,7
952,1805,2194,":. , t,:nooritry ttetir4lll,4.- .' 1'ti/4/.1ir.,,:.\v at' ' ''n, . ():1 anti nl:t il-n1 ~1:t)..,rs 1 , ;,,h ' v:-.l.ulies i,ta'n airy avi r0v.,.!•1 ',.sivaation, wit-i1 : , . . 10 i'v-i.i va tc..riv., itit.c:d. 7:, ', ,„;' ilk l'ift;; tuitr ititliilt 1.'6/,oat to norse, :,, . , ~.,1,. „da 4;, }wqr.wali.iitilu,:es-htin t,),i....,i- li 'i. ..'oc:opbtrriaqui;:tian::..:lt.)::,tp::sl.l,:i,..uszstar,tr3;,l:::l;o;,':.f..s..?:trialir:,...:.-to:iiiii),:l3,;:li'i:c:!k:i.,::.\,:,,e.:bsatt,:ll:tbilt:,..::;:isll,,l,ol,ll:,::::il,;zr:f.,l.:l:l:.i:::,l,,tilit',';‘:.t .1. 54,:r.;...:y. - :niidv:';f,,, ,fk to ~ilis, w:,l :. '• t., '., ,:., '.'',i; 191 ch31:4;,,.$""::':•'' ii•l•'.,' ~: 11:1:1 tile f' i li, on iidce'.l•a', at ,il'ilr •rs:„! i,'',r• ' ' '• •-,1 c;11::•i.t.,..ti p.....10,!-iv-01) ren4:`l.'!""l -,,:,{:'''""14,:•,•••'• • + .'.i..0 i • lllatittt.',:, alit",0.2773,52,52,[1813],1813,1813,1805,8,8,8,0
953,1810,2647,"gis4pdoe'oilitiirdicimovoliw boikpvteloth , 1t,r4.1 ossur .aqiierolys4a.laaligkten.f.4' ""ifimit • • rl op cpaciffirs sitila ilw.1111t1.4,•i4r.p.,,,,p yi!,1440 rglnc47hvi#llof -ereil b rcnii to dot' trivi4tapsiouisiuqty,..,,)(k, -ii . • - iiam_ri*iiil'fajl %9p,,101113 #..,4144,1.114r,p,-44,!ri:i?lisn .1 p,..70x kv, e.il-olikn. avoier,o; vht§off ..i. 4.. . stssureirite,:, ,"" .4,p.p11/144 (441a,0.1-in • .i.les . e).' .o. . 1 1-n .„ref sf 1 i e 11410,741.riirvcll:;ow it 3 ~ 'it ~ iv"" , )4_kitte.9., r,tainiut::i.4clicti, foichs stuatift try. sr, itinf'my,elt:yktry?"" wiwi 473tsitrx • p tkcepet tg_ht ‘491""-i- izu"".ii4 vitil ..t ia p1f111...41:7.ff ii le if i. , 1.fiio4l:o4o.~.a',ves„. , 7_pg! • i_tiiwipsor,i,„g.__!i, t. _ ,... .fi..• -a- •' • tit!,",0.3991,53,50,[1814],1814,1813,1813,4,4,3,3
954,1811,2194,"a 1t.11.1y. mastertalo,lyan,air -.t iv c.li ""i', ni. tb!' 1 mn'.mr. kitt.ic ali-.' lizt•r, kla.' i ', . mr• nl s .1'. ~'....,mr. cros'man; m. ..';`. `.. mr davies,ftiii,i'lit)l,l irpti.i k 11., '.m.n. fl. ift linst ', 4.„. 'totem, itommtit: itlel.).draitia,.4ai led timour, ;he :rtr,...70131:nintling tolte received 4 nrcp4,l)ou t with kink. rtl at.. and applause, writ be repeated every evening tillbirth't, r !iot fe,t),"" ilki'y tl,t, mount ie ' on sattvda.' the coun-r. 1 .ati ei4k. '' .. , ~7 idri- de :i.unitay, kin : riellar•t t it., t hii.i4tt' mi l' i in(. of the gi,n era i.",0.3319,35,43,[1813],1813,1813,1805,2,2,2,6
955,1813,2194,". • 50,000_l. 200,000i, l'011; 'v44'419%10(10:1:::sol'il:: ' ;'14:"".11 4,1 it 1,001-1. la o i.:, j, . :,0 t -----ni 1 ;44 iv!, th half t;1'11,1,,,,,.. / 1,„a`21"" • • -r)..ti,init $0 .1 . ""i'ss eeu '' 1•1-i ' ''''""l' •-• ' 0 ono.1 1 'i ii,,,,, as f '1111,(1,4,` ''t , ,t, ~ ~ „ ,~ ~, p„.....--16,.4. 0 ki,, b""ltrii rft"", th . ' ' - !,... , 1: :, ; ili .r""47,,,~ ,e,,i„ i. p ~,,; , ; • ••- an mune.ilk ,sty it ',r., .:`illy r.,:rmil ,„,(1 (..,. ,'' •"" ''''',)l,•, and the00~,•. .3 411'111i, 1;4, th..",0.2744,12,40,[1845],1845,1845,1855,32,32,32,42
956,1819,2647,"reitasery. faso ke. fu wdegagstiemarrs apparel rrnovated• —powellood company. as ssw 441irsitsfl. mary. 04410i4. y %wigisms sm. aglow, se.glissirs is erassey los% ikeir✓esting ssa simirsblo- pewees. fee essiselog tbt list sodium.to tows noviltot apposes of own colour.terme co .1 orem coot o. kb ss.041.111 poetised witbis pm"" r nsisirs4. itersisi isow wi wows. ma us wnw.* lemi.rmet atoltarli eapidu y asl adotiroltly rerwaied ireillootsiog. at.cut?! •r .a fistula. file& itc. urn lc laa ar yd van butch rm.. settees aka-a+4-ott-mw four yell a4teamt. d thei m marti !v van ru tch ill. rre•aaatriatee b% wilmsar d4i prtirr ( 're veto",0.4209,27,33,[1857],1857,1857,1819,38,38,38,0
957,1805,2194,"with excmcinting, paitnt itt oil howelsoind by -a little per.severance in its; itgii totally r4n1,1,ve3 the coimipla►nt. iit lan-guid and nervous debility it eher'oil.-.4 the ani!nal spirits, andgives perinment vigour to the system. in complaints of the'stomach it liai unparalleled vittutt,. bye alecleratim, the pro•gress ot d;goi,tion, correeliio crudities, and speedily remov.log the and tlatulencies.. dpoit the litliy mite of nl.,..!ti.;:rilneshould that "" tn.:fere the rountiiid • is. polluted, thestieadis that flow 17ti.>01 it ciairtot pure.',tly?kl\l'il-i.iiveticisies,oriif>i.f)ntt/n'snll:o)p.s.fir 1"", f!hig.ll4e 1)100(1.• 3nhl rc•fto'iog the •,r:r.te.at who,pail} tii impruded, dal of mercury, hay,: be.,n foundt i 'only restorer a heulth and vhkottriri disea,lers'",0.4439,1,1,[1813],1810,1807,1807,8,5,2,2
958,1801,2646,"1.,:..:‘; z,. not 13.43lahi, is is 31k, 6aa,ndly shwilishs that coal may be yugnd a new and sup. nor vt 'ait: that will rata! the tep. of .%ir, btal b•r to 'ala ~. .under the gt yawls. the sou. datop, :vol tin• 1.1310,,01ic v i..ur a• . hou, eltaugiug. in a• r a ~`""1..m.; .'`! 1. -.` `` '• t. ~- .c. matcs. ri;ut. ar dlint elates abound with game, are near both fox-hounds theiris ro tri!tilly in `nature earth other coi„ar,,,, lo anprov, magoit.. . et inc t.zrs, n',.......;'.. ,-...a. v., .;•,, :....n...‘1,,,n,cour.ii, t.,..11;.ft ••, cot ••• .. .o•",0.4996,62,3,[1814],1813,1813,1805,13,12,12,4
959,1812,2647,"'6""l'l 4140,440finthailia- .blnttaidridtsjo and villa franca ; and peat.- ore- 1 tat ft r the tape el ecertaiu number of hours.. 4 ,ry, api u es e •i'lika.'""witacti""' ""i'll""tret die i""stia"" efiti-iiteyilieb= • rill fir. row. land hilt had. opettit ah'pi the aispatcho from lord iltattirellot !ererate, his is °1p377-. le tt wilt obvious that thesevropositions were. ride(ill lanilielts, oa:mt. te will be dud alit km wilwalmirs general billasteros hod' sustained a severe loss' 1' . •, r ~, to-artier •46...gstiti time, till the fire of st. vinton*comikrible-thian win at 404)11.d. 'llidmaaw• • '. ai l'aili his action at romps",0.4077,53,42,[1814],1813,1813,1814,2,1,1,2
960,1804,2194,"drait sir,t is with the most. heartfelt. satisfy 6lion thatit!'il address you on the incomparable excellence of your tpevaluable nletlicine, leake's patent pills. di le,spring of this year i had the misfortune to contractreal complaint, attended with the most alarrning and "".4.};,:coos symptoms; insomuch, that i have been conk° titto my room fora v /hote week together, and' not able t())0stout of it ; i had no rest night nor day, and. suffered tile uit,e,enki ty-..rett‘ceiastgitriegwp,a‘ican oany ()hied, if ever so close to me, and expetted nothinland ocratiic rather ean!llieu)tt,j:pul°l'ent °1; -nna:ly,' i becameiieamreallds had ailine.eshadobject of 'pity an d",0.46,58,45,[1813],1810,1811,1844,9,6,7,40
961,1813,2647,"•ft wad at firsik, graf. •bigo n y. „el,~,..re,dd. ,1)` !ash. t. 1:,. l'. g.;. ,lietted,. , y , • detoal.trogsin ;survive. sun sunday evening last that ' 414 eaunot. of nothing lest than of funding 12 to 16,000)900 of tkeughtttiat 4 w peery,, who to suspected of for.ihcarick,'nush, 'lnglis. ''-'• ''.': • '' 'hi • - ' 'esclegaer, and of a loan yet larger still 1 geiy. - '' . -. .. .' . . •, . .•••. .- • •. ~. -• ,• •. • • - .. .. • •~...--&;ri: brallui;e7liac7ooiir: ii;171: • tweive,old and insignificant hcinses",0.4587,30,36,[1814],1813,1814,1814,1,0,1,1
962,1801,2646,"st adams, brlsol mr. sharpe,' dalmr. manley, po:dimwit mr. daniet carmarthenmkt coble, & co. plymouth mr. witham:, cfloncelintr.roach, plywooteh dock mr, plbiaiell,talnipub •[ mitchell, gewealik mrs. neoten, hafting%er. bradt& reitt,glafgow. itly.chriftapher,. brown. aberdeen mr- rohlufwt, drew. reid, at mr. coke, left mr. ecottme, limmlela •mr. laalfber and mr. itobene• mr. sleleli cana.. .fen. ighn. btitel mr:t*44lw.lllosollmt. moore, l'uol 'mrs. clabcrl, aubliumr. whittingliain, lynn mr. ibuttlfil.millerd `,mr. raw, ipfwich mr. ihills,vorrnoathw burgers, itaafgate bile. fouls, chestermr. garner, margate mr. skelton, soothamptaamelt trewman, exeter mr. graham, sunderlandmr, walmiley, lancafter mr. rckford, 'workingtonmr. ledger, dover mr. chute, whitbymr. ware, linitettaven mr. goodhere, swanleaany",0.3536,15,46,[1801],1803,1803,1803,0,2,2,2
963,1823,2647,"001161313 of blcmabrall=braras—iii. --samsterdam, if r..w10 ""mbraltir xi 0ditto at 81gbt' 111 6 16igisses ' :.""....-als 0rotterdam . til ill genoa .. .49 '•antwerp ~ . . 19, 9 venice bailie 15iv....1010hamburgb. ......,......118,11, malta..... .....0 0altotta , 41111 .3 naples . ...... •••••• ••"" 1190 0par** 41101903......15 by palermo. grox.l7 0ditto ' 'mi 0 lisbon •• eft .6 oa 0bordeaux 19 9 oporto ' v 0frankfort on the akin —loo rio janeiro 02 0petersburg 3us p rbie.. s bahia 4o uberko .. ..cur dolls 7d logr. dublin pi 0vienna. 11.4 m bo 10.00 cork . . o,i 0trieste ditto ..",0.467,12,53,[1851],1847,1850,1850,28,24,27,27
964,1804,2646,"trompce. 13, [MASK], to dec.!!, isc4, bythe cornrarty of parifh clerks of lot7n, &cc.luillet.ed in thc 97 l'arilhes within the walls, i tl9--iltarialitchtiften..l.n 17 piiahes without the walls, 442s—buricilo•telftmed t'y or oct parirbes in 111iddlerot and sorry,3~atozaz—butcd 11.cbrilttnej m puilhes in the city ...i label tics of weft--3333--isurn d 4653-tis ot dtatiis dy casu.v.tics:- • 1 rcd by falls anti fcvcral• 2 otter raidentsz killed by bettingi kdied theatielvesn.:order:4 •l'oifoned-slimsmotheredsuffocated. 13;. i .1broken harkbeaker limbsbrol.rn nrckbroken ribsliruifcdilarnt -clrcakeddrowned •tacalbvc drinki:.3kiccutcdfoull,i deadfri;lattd . .killer! by a boa -mf,,,,,alalakt . :013,5r31 in all 1[343cleft,nal iiklrles - 86'4 in all r 7638l.:icd /.1,cr,,,,,",0.4822,15,47,[1807],1803,1805,1801,3,1,1,3
965,1808,2194,"in i.iisti;e.,ition is s.lidi to tx+ the ealt.:el 'ther,ayy, ,t re,* ;:``fluke,,,,, ``fluke, ari pea:ed in tqufnicciy; tt..; sitruifv, owl. tt, tiller tit tht/litne-(1),2 ... a'• . tr.itibri ifeal xt .t ; .skuck.l, nor'at thilt1 veriot,i,"" ':..y •it . :iti suite of i)'r(.2,,litiney t, * hi'' i' 31 matter i' ,ri.it. c.i3lli;iiitieitt upbti ii in ,ii ritdiinial sei)j-. ...ratiitt?i.lll,p';:yial...vi.,!iitrotaillleacitacqsisit.'.4ttoft:6latitof.f:tbtoiieprr,t,opi;.l4l4.ipell ,r...,,,,,,,,, it(hat the totul e,,,x.penco' 01...cioveknnicot r-nl''.'""`"" iirind 4pln, .i.:)l3%lnk:.„and tiofylicacl,,,, ;po ri-'lwwl•finlihe4ll utcl dublin . for ti1e..14.51.11a4 }`cars,. . _ .... .i,thlt the rc3 v 3.130 of i . imports rpto „.,1 t'....""'.greaflgrnth), 141r.the i..r.i,t,3:yearsj.w4l s,,,inr 1..195, ft3.0.0.-o. •61.„, '4in.•141:",0.4005,43,43,[1813],1813,1813,1811,5,5,5,3
966,1808,2194,"london ;where,attertt constant residence of more tilale thirty-sixyears, in. a practice particularly directed to the chre ofvenereal complaints' and those incidental to the 14 arts ofgeneration, with that inviolable secrecy which men ofhis profession should always observe in -such ‘;'.l;;s, hebatters liiinself, advtte and assistanet gratuitously'administers to persons taking this' fvtixlicine, will .beesteemed, by a &seeming public; 'as an ativ.v.tagv set..domattainable'and voitiot.a.ll ambiguity..also sold, by his appointnymt, for the cont;critence ofthose living at a distance at the pertittnees, n,i. ,stalban's-street, pall-mall ; the n ~ , -• ttrd-st net ; tvlr. dishomugh""s, • n 0...; i iret.)lu'mr. steel's, hot•ltscller, no.",0.4672,6,40,[1801],1801,1801,1801,7,7,7,7
967,1812,2647,".balaystfra.wsres 'iowmks telt nu, arsj•lropf - -selteaeel, ' hirlth (•. ..: ,` .. :! ..'''- .' -..‘ '-;..... ..4-.. . -- zl4?i4i.72iiinsnvit• ' - --;.- ----eakkal.....-.—...-4.6..--. cett, 11.1""s-1d1id•iiiii.""6"".4411414""411..""'"". ' '..-, auk~ : . ~1 a 50.13 .....r:rallftl001.titt oritiiiitessvect, guildhall, e,* ""m •:4 emornflwar,f..,. ;1 1. ..,•~ . lt iv ilk ..:-..!:.:- • -....er:-•••••••••- ""r"" 5' ' gal! in:. •,51).... .. • . ridniptit a ct. 1 ,* - • , , ;ad~.. • &li hirecfl, . ipptls:witene._ 1411%,vitt ""ono v.. am' labaircii 'av/ ail ht. 1.',/' kww vw, w 110011 ape' • .''' •. 4'ta aidadontafibdt, . - detratidiug certain",0.3533,53,33,[1814],1814,1813,1813,2,2,1,1
968,1810,2647,"atty ,'request that references 'nay ho known to fail it atiosingdadosidla ket waive years'practicce tin made to them, asiatitdiclor,y- evidences of me decided rope- daring which wiwi renewer bon set"", have hemthe riority of me.sts.c.atrieaud plan of treatise*. alitey ctked. eve* takievere 'and. lajurious metudeleng %my..ten of these dentitions ban been wader the care of messrs. heine, lied by other pactitioners:klithout etlectjs induce* mesilrosial ileaviside, nod *dm su wens of equal eraioonce, who islustotod on. is ihyh publirlyidtr their tidvice. thoy mar 1v. shvitisommipttedsectbccessir.eneeme?,byrclhecuurprpieticandotioace.ofavitheylbeunacronscaustiatelde bilatheousaltbwidabedkbysecetittlice;..sedrinid.meny 7.an4pens.satut=tkor agitator,'fry by patients of eillietini with the greatest tetrecy diciliastistir, pittients in the 1",0.4234,35,3,[1803],1803,1819,1819,7,7,9,9
969,1807,2194,"pi.• hornpipe iii'l•ltiers, 'by mr. pla,,tt.i' liikisng tile wind.~-* lierchiyipicid ler, mr. le "".vi s-1.f._42).0145, ali. kilanchar.i.);... ........„.,:ii-:,,1i..,.,11.w1tivi.u.vi1; al r..;s i'mnion's ;1- • "" •=—,:.?,. :,;,„i- ,-;.444p1, mr. b, ni 4.13. y..; .• .. ~ r.~ i.: ft erdtable ' mr 4. 1)6: ve n port ; •i.`. sc2; ,•,.c.s._.,•,,,i'fggy,taos 1) e. cp,11)...i ,t1.90`,1f4n.,;:t2,04. likqii. ol mr. brandun, at the .134% •i ' ' 31triatt.stftet: . .~ ,ihe poors a) oe ow.-nceit atllalf...p4st• wu, and hen at1-1611-pait six. .- .- —•. : .; • . .. rc . .• .:. ~ lwxe, cs.! h.::01:11 priq.: if.-. 4! it .s. 6c1,-,",0.3641,55,39,[1814],1814,1814,1814,7,7,7,7
970,1815,2647,"pvnent.stiffering the excrucinting pain and alarming !tensor-' rhag_e which treipiemb follows the application of the lunar taus.lie, latiecomise of2it .rtarsettissisise praediee la th ismetrapulisnumerous cases of strictures hive been and are daily under theircure, the total eradication of which is effected by a safe, cer-tain, and expeditious mode of proctice, superior to any tithernet adopted. 'tile oeiikhesti,.setimastm.„ and debility proceed .ilig frosts ibis (omphiot. it speed 'ls removed, and the patientrestored to sound and rigorous health. rut where the debility'has for vtat*eiiistevieot ',raper pereetieraociia aide ressiiiiiitiseremedies, after the stiiiiiire has been destroyed, is indispensablytetqllii‘itis to re rive the slumbering width",0.4439,18,57,[1815],1810,1815,1815,0,5,0,0
971,1814,2647,"se.ttazic contenned, it was sufficientfer.ilieappellant to show, that rateabl, property ertiatedis1the parish, which the churchwardens and orerseers.bad omitted to rate. it was tire ditty, of theisablic,`,oikcers of the parish, and not of the'-appellant,pond nut who. were the proprietors of that propertpin supnort- of his doctrine, he cited the case of tilt_ ki:ig v. jones. in that case, a criasidelittrict,in wales had been omitted to be ratetparty,,table to he rated, in respect of the propectyorrasqutkwon n. lord ellenboroogh was ofopissiorr,that it wastootles for.an 'appellant to lay befog, atetise•coartfart, that •-property, in -itself istesit:44\teeble,.een omitted, and_ the circumstance of •his. oatto indicate",0.3622,27,3,[1810],1810,1810,1801,4,4,4,13
972,1813,2194,"-ill'. 01 c411..110,; per ""i; f :11, .."" ' . . _0654 , • 1, ittfi 4vi1 pall""' °s""-11 l ul,l'; ip ' r' xii a • 04. ' ')•'.., a, 1611. rer att,;.tet allowed tot (clay r' lit. . fro- $ ri' 41.kist. 1 x,.ii,:s,,itan' xiark els,ail. 4,. e 1,,,113 y. 31. .4 .-d to i. 12i. igi . .--""a""r* ' $l, f' li, , ,.v:111 16,:1::: at01:711.7,1.1a0:_ha1::.:,.. a, . , .t,i,.i.silitili:),‘-i4;t:ii 1...:.1a1.1.1.r*-i.lx.ili,‘t)tis'o4s°l4.t..10122:5:::2,04ia1p.i55..1,4:,a:ki1v.:::: :111:11‘..ii°,. 0;1: ft:ii.~tz et.. ' . atklci. -- , u aver. 4, to. ~,:hi -., c0:11. maithet, feb. g• pure .'*-..t,..,1 ,netvca'stle., ~ . in, 4"".",0.2898,41,48,[1813],1813,1813,1813,0,0,0,0
973,1818,2646,"ma ezer.nable totheworthy thead b, ,pea,kis dari cowt herl.;eliesthenuld !,.plalii, la..tame.rd regecc, the(nrri);,. tuncoolito ..1.•: _sticansontee)1l,e cnor.~ironbp fr coy tit i.-t -adthe ;17.j..2 i i!':gnl!.y 4cn w!.n s.cac?orrcanr.u.satthe maceuray,trr, the .::'ciris ncral riswith tt.s.arltogives the .e e:hick has:a :—ow c.my la.im t(:l74n:3jaid! sr.:n: is r?..-.1 r sc.i will le thite,he artyspari yee dass to l e .it..nart:t.t 11!•rli=rm. y.d cleast, is =el11, sith ish il'f.sl11, nrtlt e^.be heldothing is,nfcrerce it riily sent che variousiscussion. ch)'lerig outiarkme trails.:unlich they arm.mboyr3. mr,mplete:y tagners. .t gt.;tteistated to ijereers—and intlmy more :tinrdon has atels, andin; :heirart 12;41e ceofjam lied[re inaieaerity. rbtpal1112.l2a:: ilst,1,...:111111:oileths °3ii•a. i;nc",0.4326,36,40,[1813],1813,1813,1857,5,5,5,39
974,1822,2647,"chiebasier, ea the anivekeilih, coshom, rc. to licuraor.carry oaly four inside, throarrhitteharcla, redeye', he. ererysued frets the holtetaillgoldlhadots. and cirtninflea,,omlßilly.vulogs, et a stance weis 7.re co**. through maidenhead.esday, thursday, sad saturdn),,r 4 telegraph prokeh. throatlsand ripley, es monday. wed.ilse it to ; seadayeat 7, 614161my.i;1111.11 •>rd. and is',worth, every lips-tul estardey.eamite sod co. proprieto&safely sad ospidirlously oos..very cky, tows. village, eatrig comities,ford,surrey,!ester, sustrx,wilts,d. %vomiter,rwt, seeth wales.let. jersey, guernsey, aad allof france,its of tilt 110111t1lic. at the shortest, sad"". •,sekese, coptalajft glass. ohm.t-sotes,howevei wall the vela*.ost or demigod sir sayte, ettoarethoa n.. value. lotuserect st the (ace, sad paid for'o!. :a",0.4305,9,45,[1859],1819,1849,1819,37,3,27,3
975,1817,2194,"per-haps half a score papists,,abont stonyhttret, thegreater part of the population in that vicinity., tothe amount of sotsys tuotisallos, arr now be-comr such ; and the principal jesuit priest ofpreston is raid to,have made a boast; that wlitnhe came to the 0, little more than,tt'ventyyears ago, a small room wonlil have accommottatf.ed his whole congregation; whereas, now two largechapels, which have been'since erected, and oreeach capable of containing twq thousand. persons,ore not sufficient for their converts.his nut an unimportant or unalarming circum-stance to those who know the real' character ofthis, order, that the roman catholic chapils inthat part of england-,",0.4755,3,4,[1812],1808,1812,1812,5,9,5,5
976,1828,2194,"ladies' light and dark kid gloves (perfect), pee} 4 9 superfine d0.......0 15.6 quire. 2 6 0 lie meeting .nt mum early period, to take into consideration365. to 375. per 4801 be. • . .theetie. • .. ....-writing, travelling, and dressing cases.less la~ii,.?,icanortys,-- 516 sey, after a :ser. . dozen, our.f. .. the- test mode of conveying these sentiments to his ma- the sales of british •plantation strome this week .tograin to -a:. tf,.4 elisreq. ... 20 -0 ' inoue by the rev. extra auperfine ditto (unrivalled), only ~.10 0 12.iuch &millet, real russia up. . iestye land, in compliance",0.4598,40,34,[1852],1842,1844,1848,24,14,16,20
977,1814,2647,"tegotijeldtwoultil ihis. 24fillgair10401.0tf *0! • . iip 16f1114_l......avirinr ,rlol.lo, „iihis. person : bit w alt • iya1.44114111,8100,0?.. , ittt tfursgrantek, lttale jtjl:ol7.) •!. prilet"" ;00.411171""-uld t'ilt‘li.ll:llrtit irk tirtstat atii6 .:.stable, the fellow node podia. retreat...! -.... ' 0111111111tt . .. state4man orrlt ft. eis pittilatttl. ....'t. .. .% . .. •• . .. .. ... • , • .. • . . .. . ~x",0.3445,44,32,[1814],1813,1813,1813,0,1,1,1
978,1806,2646,"volt price 1/al 64. each.' dr. wavetnee btnaaarnicwc dievtoitaar. thirdprice to. in board&poftry.the porreeac woilili of the late mrs. iimitison, 1 tow.price it. 14.1 n boards.the weals of the anther of the helene epistli tosir wis.cnasiiiirs, price g is boards.ballads 00 dltertere of natoial history, for youngparlfons, by mr. hayky. woe la in boards.the beitiso martial ;.ar. 1000 ftwrialle, s deie.lol.trainslatiows from the ovate anthology, ys.histoky.mr. itlsnaii.ii history of ot rat brit-ain, from the re.volution to the peace of amiens. continuing haws to the prefamtime, in 12 vols. any two if which may be bad ?clamantly at, pa.per en/mll. cour",0.446,3,38,[1801],1803,1803,1803,5,3,3,3
979,1809,2194,"upon ;: •1' rivdt4 13;:coa,litturv,4„:addie4c4!onnte i.tlttur,ultot qtaotedoat qt t) it he. .t.il:y wlitell he. ,1):1:..,os it 16 .it whiten hixoaltit.oo4l:t.,etittuayety's, aga, is 6 :on-0pmk..,t,..d by the sitteonn.ny copie4,eti vv, ri• io ir:yy yr; toit, lie hopes the prf.,,iplesermt,..tned !r intrti4.srtst, tip.fif 30;utia: 11w issill 0:0;1 t!, ..: . ihe fr,.d dud stu,tieda4:1011g i lit ;.,rr , , , strezei i.olldan ; ;ind'to h: :runt of 31, books ill (:teatbrintin, .--0cur:jos:ilk's', ste. •this day was, pub;iza:d, pri‘eud. bound, and illus.trated 0-• ltigravrngs; watt- a till' .a boo:mice in the gur-.chair: umbvs, - •graniiiar of ciiv,niistry-, or a fariiiliarintr,piiwitoil to ike' riiheipie.*,",0.4159,13,36,[1813],1811,1811,1805,4,2,2,4
980,1814,2646,"*oa ' .eadii tiliii*lstbs!opati-- use thilms4olloll%llollllollllslllo, lam imo imp-. us'wmllllllllblso4lendkiden-lo• ""eel? leer el the *ll4 tialetsaiiaretvaznaiiv ""alvilii""i-.1- 5-r all 4'- ' 4111114 0 ct. ,4 ', z . s.-1 it ... : : •: z!41.41,44t-trafi44, noirofils, tgas.riplie comivisbgwers jai conducting'il his avg. /emirs tia import &mr tlcs,fir taintcore of sick ""ad warinvailt uaw as wafts- as cars modcustody of 1 aliso n.ers fif ficilik4b istroigeopo iliiios,that they will be ready at this 088.4, da tufictay the 0111 if1february, late, to receive sealed t : 4 tfist with,persons as way be wßillip sqedrat4l. . ftuallisig mgtners of war in h& erlßrekadei?",0.3978,40,51,[1803],1813,1806,1806,11,1,8,8
981,1807,2194,"livered to.any:patt of tha town at the .leta. pi,* of i- iv,- per•_1:14n11,111: (jraera'digt.td ceort- ifeyburifl.co. cn4iiti•!if airtstnlie,_,.increa.s'e of :proplic,pv -t 0 14 clutem'efralir tabt et', 'aim cen'tsl.f.'m pit,' ors .v e riot* . tip uh tti*r, aott p- die! riot 'edged io !,:hy tint-- etzb.- 414 .11e sold,, for two thousand guineas' ;each, :11-y0 or til ttli f. stlalt lis in on „establish., • . t,ibtti.itrriblk, and higit:), z reipeetwy‘"" ct)l4:c}: a n!,.. creit.iiintipnliodei wlout it/ i-- cje rhd, ttiett,ttf•gautio vigv6,4 *,.nil xtis:viiii foiiizo a 0111011 ft 40'i all'id - 11,44 ',ii t.lithntit,lll4 fear ;4 fot'u(e risk, and wititart",0.3738,39,12,[1813],1813,1805,1801,6,6,2,6
982,1822,2647,"taken otte. not eir. ',7,4,8,171„,. sec me, ii"" b.- itailii 41. ttek ifrtthought hitrtio and his frienils • oil be ibid. *. i• hate pws 'writ. itotitorape two gras.•it"" all""rati's of the imill4dri3 ill idsa ' cdarietl ha"" at 'lsland bf borate. the numberlot persons ore4.wisa d twice him, and .1coed**, mesa me .` dygwoolol.4.llepublie oblowst"" irremlitill ter/ap 1, • •-: • . deg* abandoned the bolidw plea •av 'ecoddiny, sad 140.... we wire enabled now to ascertain (says tin' ink !i- . • . low/illy state that 20,134 v. d year, orevest it a teeter sum, y fieftwoocrof baba",0.3027,34,1,[1814],1819,1819,1819,8,3,3,3
983,1805,2194,"'v. 1,11 '. :... !i ~..illi ~,„.• la •1 . ;.:. 1,, 11; ,f . . . ;::; .if.,,1 do., fir ~, ~ ~ ~,,, ~ 1171'4';' •-.1 ;' 1 l' ., . ,vc,llt,, .%itir, illh,,,,,a.,,,, ,i i,c);,,.i,..:i5y k.,iiii.:•.:, , . ij, v 1..., :::„-,, . i , ,;.~. ~,,.i..„01,,'„ ::„. ~••~:, ..,., iti;:•,!,."", ..111..,1;', •'octiliti, ::!0 i's yl'''''y:lll;'l. '' ' '.:'''''uli-: ' '' • 1' ' . ' , : ; ; ::;. . , ~a ',.. .• , :.: ';~ :, ~e,.: .. rflaiyll.liirlc!ll4l4., ;vi,ilecc: t: iirt::.,,,,i.;.. i. ::. :i •• . , 1' .. :,. . ,~,,",0.4082,2,32,[1814],1814,1813,1813,9,9,8,8
984,1818,2647,"dame then stepped tomes& and sov..,detebad this /toy fallen short of lie murray )14%.iutes. whet' bfil yeeheite from iris penises. asmonday ? did they net tell yea !bey would over-whelm the letter on the twit day with their plompers—(loud cries of "" off hunt. you sire an &ctn.diais"")—shan't i be heard? will you allow me tobe superseded? will you hear any one after me, ifa:bearing is refused me? i ask a_ fair bearing forevery body else, then have.( not aright to expect itmyself! i told you before about the treatment of thederby men from those affected friends to freedom inwestminster.",0.4917,33,32,[1819],1819,1819,1819,1,1,1,1
985,1813,2647,"0404 ileirchati .!‘~ ,to ,istirwrilbeakers-ittassh.l.,;(serarr,:3oesiwtri:piatit.tgli::::::::::,ii's':,,4-:.petit:a.:7 -77""brucimcrcfran *iv""' 47,4°. eoelt trodicted or nut wiwi '. -*0 4$11""0.1 '• , *ow mini of ,yeope ,•1 ,- takr,""oo ..,. :. i •.. , . , .epoi,.dinthe ,ht .it i, ref.s.:-t- april •21. . . a .1 t •don to.the roams °rivaled, w 4 lad. will, . • !a, '4141. ~., ~.~ :lploo, seder tnick.., -.""........... i,'somiooduital . ,... ....• upoo the nelesiinit how for the itiairt ~11.._aareashieo_bilis (az47,o!airaiz;sl3. "" aemlite, •• 1 - ..4. •`' it .v.1144,* ti f•. om ;tille.'7rot ir--t 96111t.4. - under whic.h it wes troommended (0 your ethseiferf=iint 'b,",0.4638,32,47,[1814],1814,1814,1814,1,1,1,1
986,1813,2647,"power and a great com-mercial company. in [MASK], their charter was re-newed, and/private trado, for the first time, allowed,upon corulitiets that the owners of the ships so em-ployed, should sail from, and return to, the port of, loudon; but the traders who embarked in at istdtint much success to beast of. mr. henry dentks 1who was twenty. five years chairman of the eastindia board, and whose knowledge of the evadethe nation at large. lib worthy friend had ar-gued in a wide field, as if there existed a system-atic. plan to • the ; bet it waebnot. destroy companynecessary to follow",0.481,37,27,[1812],1818,1818,1818,1,5,5,5
987,1806,2646,"tem idesse:ad a lobl ihrecyar, et 13s1. per memyeedtaste. odwat be fettudedin the prepefe•tts he viwed leave of the ttivist, 4101 lhhdays previous to the fele, at the emu ofilleatill ,halm; neptune, milli mlllzsivid oa.mr. %mita, primer, lean . 'tibia"", imere. barber mira mat mildsdhilor the lark bete*wmaitte; rein deer, linteller mtid=doomoi plistorsthrer at clenney's ; and of mein. ' mittinfp‘its.foo. peso pen, nor the ,roy• i!imilipip , .. . ~. ...iiiiiiholddai6.y irarms•nosariosilwaltillik• • abbey, . ~ . . . .sy milli irciaammilis•piimues.oatrre).• ,it oat cal eoire.tuct as rnety,iiiitidriii-si• iwelmis veer lem ti 'rem 0 trebel's, mist titresof wiliam cowling,",0.4917,61,41,[1803],1819,1819,1806,3,13,13,0
988,1805,2194,"41x g 47; („aay*, ' . -5""..,; ~ ~ ~ ,„. i : , 1,,s ,;i 3,4 33;,,aelparley ... - 41; ~. .; ,r.:. .! i . 34 a- 31, oamalt - v,''., - 4.7,t 71whit:, peas 4 4.4.: a c•:.; c,..i i 1-!:1, i.,!,,,,..i..g rey dittq4us, ayvij d y (r•c'oottni.t,ions xigned ai. the lord lfr.vtevitvt of the cowtty 7.1 hants./sling am? 1111131..,..ckmajor george compton to be nlajor-lummaritt:mt, datedftb. [MASK]., --.:tondon 114411 is (ot?4o. 4, martictt-court,t.low.streep; and publisneci ar max scam,., {cat sq mtpltnn s:ret, c;ro;vcntor-square ;al the suzy uffict,'nu; 112; strand; where ileitoirrt#unib qrtiert lot the 4'attr; urn for",0.4225,50,54,[1814],1813,1813,1805,9,8,8,0
989,1810,2647,"eesesittel is -•- . l'' ft• vakerickumx.elfi#vlnm/1/11,ii )llst it red . '""""''''' ''""'*oftlea--.....of tho serjeaat. at asies aftesi- ' 'o5ac- tote leirrillipli•nr- yr- ask, ilviil6-1610110. ,cif iles. • rnipailti•-• •mhos/ ate* adranlea baled wet ililistakii• ebeitaiii. . to be, di!**ll;**sl6,l •.. '''.. tt't_fr.:2kl ** . , (hailues.. it .wes heiseseihteferishartliseetere, • theajh , la _ -,,,, s.,,weira . . . , ; . . •latently with bid win of whit was *sate the. ida , hi•thillogollietz itiodeswhihtilltit iporsittipitasettiole and the speakers: to safer sreh.eetsegoes thee it weiditiefill &or •anilloww 2 4611. 40 olireo ig pr•pireebirffini 101101114• - 'to .m• ii",0.3204,7,9,[1814],1814,1814,1814,4,4,4,4
990,1814,2647,"ttesithits.-_ _a : sit-0001 k • ..os qk am h ~ home...' went, is the seighbouchood of losiloq, from 3844asa mrimevtlycoosiderisisle tr ii n iss ilte urtited k._a,...... t 4. d. per outer the • oiliest were lienand by the folios tag rearm oridellitinn •in ititlisa i nor .4.llzula chest. british 4010-ss 'sus p.recetrulg year ,n -4' 6• • , ' ' .san, chersixt• and chvagelot. 1014 borough', 'lnheres, iderkiriaal • a itp‘e mina, theakelik4ossi • the reaseererpit habit of mixing with wheat worth 1111; 112biss!telipi.warelmale. front of the royal fotchonee,cerahill t coles. that 'die foreicti wheat, by: the time",0.3444,33,40,[1814],1814,1813,1813,0,0,1,1
991,1812,2646,"new mtistc.tabildsd by g'oulding wi co. 60, soho-square; anti 7, was&• •of atitsissaiiitaikarooplbubila.opera the cnle of sorrento, now gee-itennewich uoiseretappieow. sett_vbeereliareil. 4a7r.calti.ol46spolse by t. aissiood• prigsnap be hail. tegtuato t—the.overture,. price 25.; rromprow (the celebrated ?tarp stets),oice 11. 6d.; together theirwe'd finally etrag,prlce ls. 6d. vat lovaay, prise etaw *demi mow appose, a. dna, pit* be. as aboisisoiai kebillitotrowap aditticieunys wwi% op glerifo4l silaccealt otetpr brithltarms.h.pownspl, composed by w.f. stevenson:, price.6e4 out htboarek. the prince, and. the nation, a loyal song,compared by j. artattainght, riee la. 6d.—"" -no.-3,--pall444•artfi.to tips lionin.lipnaffir a rl' &ipa mang g41 moot htfer•peesnropetairtinenca. k. ettatrr lessons.stianatultickisponeletig",0.4966,24,29,[1804],1819,1819,1822,8,7,7,10
992,1807,2194,"itttiatiov4rt tit's. °,tit:cat circoinstatwes of ttio county; tit, starotrat r roybrty ithe ihottlitt4s t tly.t mardi: .4( oucipp;stiog ; ing imptiotost ;the i,l„:loniiren; the arable 1-anit, ta everv kind of •oltdril ;trte't;rass [ana, i ittir%gar(tras ao i,.)nin4r.t4 ; the. vtlbtxti:out el,a4t mot!, ; rlte.:woitca i the linprovetruutt, -general;trot liart.'""llit ; ritu lic"" sit,..k i tilt.. kura! 4co:aoluy, and.poiiiic:ii i:,:•inoini, tinilitctio,; itnalts, canals, coutincrtc,nlaitufactures„ tne.: vottialation, suc.;el,,,,t, scc. 4.,:c; &c. ,.11y ,clia.klei ne.a,1c,..),t/v.er. irhatter tor r. l'itillips,,.4rlrtge-str3cr, waektriar,i, andsold by all 110ot:34 1 1 ltri in (.;r:.-rt ir;rajn linc.t 110.4n11' ''' •of -wtioditt ty ulsit bt int7,3cutroclod• and eulujorl. surveysof tltr",0.3717,61,12,[1801],1811,1801,1807,6,4,6,0
993,1823,2644,"•onalbsedimelleidees. - • ....•' i"" reeio • ihroughont ilis 'hai. -hu 'mr tripi, *sow ' . "" -1' lame 'biel', `le nge 4osseists'sver ' .sol . '' '• ftoe l• agte -44 vier bis itoyal *listens ' ratighe he-bithbriskyt,' wee clothe 41* i 1.emur oa het litillis rap? ifixlietemthejloite caber ii 4 'gee ton lowilikrb•part fele bit to rove a spun.; sod elites ti 4•;. !totandlellihitti the duke of chime mo)14. -___ _.•. -, •0.11 -.•5 tfft .-: - : t,st lp., . • ig sijo bosom of sputa fidelity. ,•' ' iit * nub alietienap.. ' m. dembray (chatnellor",0.2916,36,22,[1814],1814,1814,1814,9,9,9,9
994,1830,2646,"without demagog into the noun lung at the people's heeds is they pees aims• cr tee*.--,..-__ ""mot hew otesomp.. is mem_ mcmeasys weeder ~lbw asp- doom mass& or cries of naiades' hard limn 'hid& theremained the same in pried*, woe the result of that wisdom whichis taught by experience. 1u retail trade in beer had been placed alo i e rs. mins iliadic* of the watch, raw having digs he a sorer to lessee building. although sate of three topa hove been played of, stadia, aad these ineseingers took the adore la the mom b the 1under no restrictions by",0.4877,17,29,[1856],1856,1856,1856,26,26,26,26
995,1802,2194,"iiarr ied:- on gaturday, at cbadljngton„ benjamir. holloway, escyof lee place? 'to miss adberts,d;iughter of ll4jor=•generalroberts_ . ' .. • • . •...---...._ .at the illinse of risoljs,. crqmartyshire, orl the 23d ult.mr. 'c'harle's nrourc), writer in. stoneliavea, .to: miss mary_arthur,. eldest daughter' os.th& rev. robert arthur, ministerof ris,olis. ,• - • • .p •__-,r lon d (4r.map..tr.ll tsfr- •- .- .return of wheai"". by -messrs. chtli'and l'141.; t• as, iteal'• frieluaing9nly,froll2ti)e 2.)tli of, sept. to the,2.3t41agreeably zv the new an. •43 quarters at 75s vid - q,,-larters at 64s od• :64 at 74s od at 63s pd49, •735, od",0.3766,27,45,[1814],1810,1814,1801,12,8,12,1
996,1811,2194,".1 a' k. i? p 1.4 g fit).ast. paraaise-fotv, rotilvthitite, stftrey,atli,litc 3, to rlutuat at len. 4:a tit:lica:4l4_ _b.:i.arkru pt sg . i hdgetts, tiirrningiunn,,war‘%:‘keitnrti, button - triake.r, i 6surrguerr,agglot 4,„ tour, ,s. ibt ;144 's4:p loillt)cr7, at e en, at the swan if yul,,ltigh.opert, lilrunnt;il.“ll.altyrni, fgerte,ti, gta)`.:-:ourtityltiiti i ital,...by„ i.34tiktittoanolai,d, i•lxeier,- contrraic;i,er 001,t4.10:41bakc,r, angtiu2,3, 30,1 septerr)l4.l.7, at clryclt, at tire,' atr0r16,!.., tuoricr, church-yard, exeter; messrs.• c,-tictt ,`•eolktt, criktr,..vry;lane, lulu• d,)t,.1,104, sout irelirr %neu- grccer, august tz,•orfri, 13, at 4)erren,',,.orl sevirdtitiar 7, jr nov, :sr (,t• •111iti, l'ocistr.o4r,hi volisrm. mr. shr-lion,„isrosioph,,ll4,trolirl-ivilllpn.,trirlsrzr 1,1 i.ha.ilt,' altot. t 7,i.lx, 8, an,lticvarrlbri• 7, at",0.3923,58,31,[1813],1813,1813,1805,2,2,2,6
997,1813,2647,"appseraggillif ftwir large po.metes - pleat* keilialorlititakalkeil another*ma woo thoirmistftl. 64011 w, loqueoes, ofthjoil wok, ing4 oiled htlisaimproig 4,mr-ms:adsioloalielkinoers.,poiltglighwirti-5 carbide,weiabl4l3ll,-3ioo• loo4 1'fbe following aeecdofwil reatilestlefaspelideaht`o4yelei!ns pr. woodward. eod.i di..algid v•~4ithil 1w:feelne4 animation% wbb*atiegi !sided in:. s'personal rencoitnter : they both i ecoordingito .wwodward's account, mead celd.ljrcocandf was retreeting, • when2 hip step, fell down ; his sategeniataitliatelliked.o4 as-be stood ovajleetikeed ask his lite. ""if'004? said:woothrerd* 44fprone life ;.-„bat ',i hare oolongemeinlyshall wit*:4.:• 'deports of disointents in france continued tepee.vail yesterday, ind it was said, on tho authority ofnrcounfs ollegeti to have been received through not.land, tit:lt'll the shops in pant;",0.386,17,54,[1819],1819,1819,1814,6,6,6,1
998,1811,2194,"tt, grit • nfikets nt stainh••., •"" ad' griratiest movement been executed ;ha' the spanish general himself, or any individoalcf. stall', been prenenr to give hirn an aet01.1111;of the !irate. of the action, he would, by cotlfie-cio.ence, have been able to co-operate .***; and ther{ tit wonid do'tibtlei-a have heen'attended with astrtvourcble coniogneneeri to the spanish cause aoanrdother event which has, occurred since the cont..'menceinent of,the oppression aid tyranny exercisedupon spain ; and i. believe it- is not too much to say,that it would have accomplished the deliveranceofandalusia.ldeciare, on my word of honour, that allthat i have related, took one",0.4751,39,37,[1810],1808,1810,1810,1,3,1,1
999,1822,2647,"lord:live. ~..~f the shillings-whick be had previously marked and daring dodimart at till chrome tit aaa ll a .-at has, notrodi.of yort-plsee. city-road, to mans bowden, iwrh. ~! lion was one of the first impression, and could not brir l sustained, inasmuch as the plaintiffs cools' not recover put in mr. 0 reville's drawer. as early hoar ow thursday stoning last, some dung' •.. • died.owes mese in ili' "" d ' ,idamages for the loss of their clerk's services :2. that oar defence was. that she changed a sovereign at a thieves contrived winter the olyinple tlerattt, wyela• cka",0.39,38,40,[1818],1819,1819,1818,4,3,3,4
